4150825
4153122
4216618
4217127
4282669
4348204
4348461
4350501
4354625
4355652
4357438
4413997
4414500
4414755
4415016
4416294
4419639
4419641
4419898
4419905
4420151
4420406
4421174
4421949
4422202
4479015
4479791
4480299
4480302
4480801
4480809
4484918
4485432
4485687
4485698
4485942
4486211
4486459
4486973
4487228
4487990
4545583
4545840
4545841
4546086
4546092
4546102
4546594
4546610
4546855
4547112
4547130
4548649
4550711
4550972
4551227
4551248
4551480
4552252
4552768
4553535
4553783
4555584
4610601
4610854
4610863
4611879
4611885
4612132
4612134
4612403
4613426
4613666
4613673
4614189
4614708
4616504
4616759
4616765
4617014
4617018
4617020
4617273
4617275
4617526
4617528
4617785
4618038
4618045
4618553
4618814
4676649
4676918
4676920
4677164
4677169
4677688
4677919
4678188
4678439
4678948
4679213
4679466
4679474
4679975
4679982
4681529
4681782
4681790
4682049
4682297
4682299
4682552
4682558
4682561
4682807
4682813
4683066
4683068
4683319
4683323
4683574
4683576
4683591
4683831
4684093
4684352
4684354
4684617
4741926
4741933
4741940
4742187
4742442
4742711
4742948
4742957
4742962
4743210
4743219
4743465
4743474
4743718
4743728
4744227
4744232
4744758
4745252
4745259
4745520
4745781
4746028
4746294
4747067
4747320
4747328
4747575
4747830
4747837
4747843
4748090
4748097
4748345
4748351
4748598
4748600
4748606
4748859
4748861
4749112
4749367
4749369
4749371
4749624
4749631
4750145
4750648
4751167
4751172
4752196
4806963
4807207
4807726
4807980
4808233
4808242
4808488
4808756
4808996
4809005
4809012
4809013
4809258
4809274
4809511
4809521
4809766
4809774
4809776
4810302
4810805
4811052
4811060
4811821
4812087
4812351
4812599
4812606
4812854
4813368
4813630
4813892
4814138
4814144
4814391
4814393
4814397
4814399
4814646
4814652
4814654
4814905
4814907
4815160
4815162
4815164
4815414
4815417
4815426
4815938
4815940
4816199
4816955
4816960
4873259
4873514
4873787
4874026
4874034
4874035
4874044
4874297
4874548
4874549
4874798
4874805
4874806
4875057
4875298
4875569
4875575
4875818
4876077
4876344
4876603
4877106
4877354
4877880
4878133
4878144
4878386
4878394
4878647
4878653
4878902
4878906
4878908
4878914
4879161
4879414
4879416
4879423
4879676
4879678
4879931
4879937
4880184
4880186
4880190
4880192
4880194
4880439
4880445
4880456
4880698
4880700
4880702
4880953
4880955
4880957
4881207
4881210
4881472
4881727
4881731
4881986
4882500
4939052
4939057
4939066
4939305
4939319
4939566
4939574
4939580
4939819
4940074
4940090
4940329
4940342
4940345
4940582
4940598
4940607
4940853
4941103
4941127
4941352
4941360
4941362
4941606
4941611
4941613
4941868
4941870
4942137
4942385
4942397
4942638
4942646
4942899
4943147
4943152
4943671
4943678
4943915
4943926
4943932
4943937
4944185
4944187
4944440
4944446
4944695
4944699
4944701
4944707
4944954
4944970
4945209
4945216
4945221
4945462
4945469
4945476
4945724
4945730
4945977
4945979
4945983
4945985
4946232
4946238
4946240
4946242
4946486
4946491
4946493
4946495
4946746
4946748
4946750
4946757
4946763
4947000
4947010
4947017
4947254
4947524
4947531
4947773
4947779
4948027
4948038
4948293
4948546
5004083
5004586
5004839
5004845
5004859
5005098
5005105
5005359
5005367
5005373
5005375
5005612
5005621
5005628
5005883
5005885
5006122
5006382
5006389
5006391
5006400
5006629
5006643
5006646
5006653
5006884
5006890
5006896
5006908
5007153
5007661
5007670
5007913
5007930
5008190
5008424
5008439
5008692
5008945
5008947
5009206
5009216
5009217
5009464
5009466
5009708
5009719
5009972
5009974
5009978
5009985
5010233
5010239
5010486
5010488
5010492
5010494
5010747
5010755
5010763
5011000
5011002
5011009
5011014
5011015
5011255
5011262
5011264
5011517
5011523
5011770
5011772
5011776
5011778
5011780
5012025
5012031
5012033
5012035
5012042
5012279
5012284
5012296
5012534
5012539
5012541
5012543
5012556
5012793
5012796
5012805
5013048
5013050
5013058
5013064
5013305
5013311
5013313
5013317
5013324
5013558
5013572
5013820
5013831
5014050
5014075
5014334
5015361
5070644
5070893
5070905
5071166
5071168
5071414
5071660
5071676
5071685
5071922
5071927
5071928
5071931
5071938
5072168
5072175
5072182
5072184
5072185
5072436
5072439
5072446
5072691
5072701
5072707
5072713
5072944
5072948
5072955
5073197
5073215
5073456
5073718
5073960
5073961
5073983
5074224
5074479
5074485
5074733
5074740
5074744
5074746
5074999
5075004
5075009
5075254
5075257
5075259
5075264
5075501
5075512
5075518
5075767
5075771
5075773
5076026
5076032
5076279
5076281
5076285
5076287
5076293
5076534
5076540
5076556
5076793
5076795
5076802
5076807
5076811
5077048
5077055
5077057
5077062
5077302
5077310
5077316
5077319
5077563
5077565
5077569
5077571
5077581
5077818
5077824
5077826
5078072
5078077
5078079
5078081
5078326
5078327
5078332
5078334
5078336
5078343
5078348
5078349
5078573
5078586
5078589
5078840
5078851
5078857
5079098
5079104
5079106
5079110
5079112
5079365
5079371
5079618
5079879
5080653
5081154
5081161
5135408
5135669
5136170
5136177
5136431
5136437
5136686
5136691
5136698
5136945
5136953
5136959
5137198
5137207
5137453
5137471
5137706
5137708
5137715
5137720
5137721
5137961
5137968
5137970
5137975
5137977
5138223
5138232
5138478
5138484
5138731
5138748
5138985
5138990
5138992
5139002
5139245
5139267
5139499
5139516
5140010
5140011
5140272
5140278
5140284
5140288
5140289
5140296
5140537
5140539
5140543
5140549
5140781
5140792
5140797
5140803
5141040
5141047
5141050
5141052
5141057
5141063
5141294
5141305
5141311
5141548
5141558
5141560
5141564
5141566
5141819
5141825
5141833
5142072
5142074
5142078
5142080
5142086
5142094
5142327
5142333
5142341
5142347
5142349
5142586
5142588
5142595
5142600
5142601
5142841
5142848
5142850
5142858
5143095
5143103
5143109
5143350
5143356
5143358
5143362
5143364
5143366
5143611
5143617
5143619
5143621
5143865
5143870
5143872
5143874
5144119
5144120
5144125
5144127
5144129
5144136
5144141
5144379
5144382
5144391
5144396
5144633
5144634
5144644
5144656
5144891
5144897
5144899
5144903
5144905
5145140
5145142
5145144
5145411
5145672
5145920
5145925
5146947
5201201
5201462
5201965
5201970
5202224
5202247
5202477
5202479
5202484
5202738
5202746
5202752
5202754
5202991
5203000
5203005
5203007
5203009
5203246
5203262
5203271
5203499
5203508
5203513
5203514
5203517
5203754
5203763
5203768
5203770
5203771
5203779
5204008
5204022
5204025
5204275
5204277
5204279
5204293
5204530
5204532
5204534
5204541
5204778
5204801
5205033
5205042
5205049
5205304
5205309
5205563
5205568
5205812
5205816
5205818
5205823
5205828
5206057
5206071
5206081
5206324
5206326
5206330
5206332
5206336
5206342
5206585
5206590
5206595
5206596
5206838
5206840
5206843
5206845
5206850
5207098
5207104
5207351
5207353
5207357
5207359
5207606
5207612
5207618
5207865
5207867
5207871
5207873
5207879
5208120
5208126
5208374
5208379
5208381
5208388
5208397
5208634
5208641
5208643
5208648
5208650
5208651
5208888
5208896
5208902
5208905
5209142
5209143
5209149
5209151
5209155
5209157
5209159
5209404
5209410
5209412
5209414
5209420
5209421
5209658
5209663
5209665
5209667
5209913
5209918
5209920
5209922
5209934
5210166
5210172
5210175
5210184
5210189
5210426
5210429
5210437
5210449
5210655
5210684
5210690
5210692
5210696
5210698
5210945
5210957
5211199
5211206
5211454
5211465
5211696
5211723
5211962
5212205
5212747
5267514
5267763
5267769
5268017
5268022
5268031
5268270
5268272
5268277
5268284
5268531
5268545
5268784
5268786
5268792
5268800
5268802
5269039
5269053
5269057
5269292
5269301
5269306
5269307
5269310
5269317
5269554
5269561
5269563
5269564
5269801
5269815
5269818
5269825
5270056
5270070
5270323
5270571
5270578
5270580
5270594
5270833
5270842
5271095
5271102
5271350
5271356
5271362
5271609
5271611
5271616
5271850
5271858
5271864
5271870
5271874
5271882
5272117
5272119
5272123
5272125
5272129
5272135
5272378
5272383
5272388
5272389
5272626
5272631
5272633
5272636
5272638
5272643
5272886
5272891
5272897
5272902
5272903
5273144
5273146
5273150
5273152
5273399
5273405
5273411
5273419
5273658
5273660
5273664
5273666
5273672
5273680
5273913
5273919
5273927
5273935
5274167
5274172
5274174
5274181
5274186
5274187
5274190
5274422
5274427
5274434
5274436
5274441
5274444
5274681
5274689
5274695
5274698
5274935
5274936
5274942
5274944
5274948
5274950
5274952
5274960
5275197
5275203
5275205
5275207
5275451
5275456
5275458
5275460
5275705
5275706
5275711
5275713
5275715
5275722
5275727
5275959
5275965
5275968
5275975
5275977
5276214
5276219
5276222
5276230
5276236
5276242
5276459
5276467
5276483
5276485
5276489
5276713
5276714
5276728
5276738
5276744
5276967
5276975
5276992
5276997
5276999
5277222
5277511
5277998
5278533
5279307
5332275
5333549
5333562
5333815
5334063
5334070
5334324
5334332
5334338
5334577
5334579
5334586
5334591
5334593
5334595
5334840
5334846
5334848
5334850
5335085
5335087
5335094
5335099
5335100
5335103
5335340
5335354
5335356
5335357
5335365
5335608
5335855
5335857
5335861
5335863
5335865
5335879
5335885
5336116
5336118
5336120
5336364
5336369
5336373
5336381
5336387
5336619
5336626
5336628
5336635
5336878
5336888
5336890
5336895
5337143
5337149
5337154
5337398
5337402
5337404
5337409
5337414
5337639
5337657
5337663
5337667
5337668
5337905
5337910
5337912
5337916
5337918
5337922
5338171
5338176
5338181
5338182
5338413
5338424
5338426
5338429
5338431
5338436
5338679
5338684
5338690
5338695
5338937
5338939
5338943
5338945
5339192
5339198
5339204
5339446
5339451
5339453
5339457
5339459
5339465
5339471
5339473
5339706
5339712
5339720
5339728
5339960
5339965
5339967
5339974
5339980
5340214
5340220
5340227
5340229
5340234
5340236
5340237
5340474
5340482
5340488
5340491
5340728
5340729
5340735
5340737
5340741
5340743
5340745
5340982
5340990
5340996
5340998
5341000
5341006
5341244
5341249
5341251
5341253
5341498
5341499
5341504
5341506
5341508
5341515
5341520
5341745
5341758
5341761
5341768
5341770
5341775
5341998
5342007
5342012
5342013
5342015
5342023
5342029
5342035
5342246
5342270
5342276
5342278
5342282
5342289
5342506
5342507
5342523
5342543
5342547
5342755
5342785
5343051
5343276
5343282
5343293
5343825
5344333
5345100
5399094
5399100
5399355
5399362
5399597
5399603
5399608
5399623
5399626
5399856
5399858
5399863
5399870
5399872
5399876
5400125
5400131
5400133
5400370
5400372
5400378
5400379
5400384
5400388
5400641
5400878
5400880
5400887
5400892
5400893
5400903
5401133
5401142
5401147
5401149
5401150
5401158
5401387
5401401
5401404
5401411
5401650
5401656
5401658
5401666
5401672
5401909
5401913
5401920
5402157
5402162
5402164
5402166
5402174
5402180
5402412
5402417
5402428
5402433
5402681
5402683
5402688
5402704
5402936
5402942
5402947
5402952
5403191
5403195
5403197
5403202
5403432
5403436
5403444
5403450
5403456
5403460
5403466
5403703
5403705
5403709
5403711
5403715
5403958
5403964
5403969
5403974
5403975
5403980
5404217
5404219
5404222
5404224
5404229
5404235
5404472
5404477
5404483
5404488
5404720
5404726
5404730
5404732
5404736
5404738
5404743
5404750
5404752
5404985
5404991
5404997
5405011
5405239
5405244
5405246
5405250
5405252
5405258
5405259
5405494
5405499
5405505
5405513
5405519
5405753
5405758
5405760
5405767
5405772
5405773
5406007
5406008
5406013
5406020
5406022
5406027
5406030
5406267
5406275
5406281
5406284
5406521
5406522
5406528
5406530
5406534
5406536
5406538
5406546
5406557
5406775
5406783
5406789
5406791
5406793
5406799
5406800
5407030
5407037
5407042
5407044
5407046
5407291
5407292
5407297
5407299
5407301
5407308
5407313
5407521
5407545
5407554
5407561
5407563
5407806
5407808
5407816
5408053
5408069
5408071
5408075
5408077
5408082
5408288
5408299
5408316
5408324
5408330
5408336
5408340
5408548
5408561
5408578
5408583
5408585
5408589
5408802
5408844
5409086
5409097
5409352
5463861
5464628
5464634
5465148
5465155
5465401
5465402
5465419
5465649
5465651
5465656
5465663
5465910
5465918
5465924
5466163
5466165
5466171
5466172
5466177
5466179
5466418
5466426
5466436
5466673
5466680
5466685
5466686
5466689
5466696
5466926
5466935
5466940
5466942
5466943
5467180
5467194
5467197
5467441
5467447
5467449
5467459
5467465
5467702
5467706
5467955
5467959
5467967
5467973
5468210
5468214
5468221
5468226
5468227
5468474
5468476
5468481
5468729
5468735
5468740
5468741
5468745
5468982
5468984
5468988
5468990
5468995
5469000
5469229
5469243
5469249
5469253
5469259
5469261
5469491
5469496
5469498
5469502
5469504
5469508
5469514
5469746
5469751
5469757
5469762
5469767
5469768
5469773
5469999
5470010
5470012
5470015
5470017
5470022
5470265
5470270
5470276
5470281
5470519
5470523
5470525
5470529
5470531
5470536
5470774
5470778
5470784
5470790
5471032
5471037
5471039
5471043
5471045
5471051
5471286
5471287
5471292
5471298
5471306
5471535
5471546
5471551
5471553
5471560
5471565
5471566
5471569
5471790
5471800
5471801
5471806
5471813
5471815
5471820
5471822
5471823
5472054
5472060
5472068
5472074
5472077
5472307
5472314
5472315
5472321
5472323
5472327
5472329
5472331
5472568
5472576
5472582
5472584
5472586
5472592
5472593
5472823
5472830
5472835
5472837
5472839
5472847
5473071
5473084
5473085
5473090
5473092
5473094
5473101
5473106
5473107
5473331
5473338
5473347
5473354
5473356
5473579
5473585
5473591
5473598
5473599
5473601
5473609
5473827
5473832
5473856
5473862
5473864
5473870
5474092
5474117
5474376
5474382
5474601
5474862
5474872
5476149
5530166
5530680
5530681
5530928
5530948
5531183
5531194
5531444
5531449
5531456
5531458
5531465
5531703
5531717
5531956
5531958
5531964
5531965
5531972
5531974
5532219
5532225
5532473
5532478
5532479
5532482
5532726
5532728
5532733
5532735
5532736
5532981
5532987
5532990
5533240
5533242
5533244
5533252
5533489
5533495
5533497
5533499
5533505
5533506
5533511
5533743
5533748
5533750
5533752
5533760
5533766
5534007
5534014
5534019
5534025
5534267
5534269
5534274
5534522
5534528
5534533
5534534
5534775
5534777
5534781
5534783
5534788
5534793
5535018
5535022
5535030
5535036
5535042
5535046
5535289
5535291
5535295
5535297
5535301
5535307
5535544
5535550
5535555
5535560
5535561
5535798
5535803
5535805
5535808
5535810
5535815
5535821
5536058
5536063
5536069
5536074
5536075
5536312
5536316
5536318
5536322
5536324
5536329
5536566
5536567
5536571
5536577
5536583
5536825
5536830
5536832
5536836
5536838
5536844
5537080
5537085
5537091
5537099
5537339
5537344
5537346
5537353
5537358
5537359
5537362
5537593
5537594
5537599
5537606
5537608
5537613
5537615
5537616
5537831
5537847
5537853
5537861
5537867
5537870
5538107
5538108
5538114
5538116
5538120
5538122
5538124
5538143
5538361
5538369
5538375
5538377
5538379
5538386
5538610
5538616
5538623
5538628
5538630
5538632
5538646
5538877
5538878
5538883
5538885
5538887
5538894
5538899
5538900
5539117
5539124
5539137
5539140
5539147
5539149
5539154
5539378
5539392
5539394
5539402
5539620
5539631
5539649
5539655
5539657
5539661
5539663
5539902
5539910
5539916
5540134
5540171
5540410
5540665
5540678
5540688
5596214
5596479
5596741
5597002
5597237
5597242
5597251
5597258
5597496
5597504
5597510
5597749
5597757
5597758
5597763
5597765
5597767
5598004
5598012
5598018
5598022
5598257
5598266
5598271
5598272
5598275
5598282
5598512
5598519
5598526
5598528
5598529
5598780
5598783
5599027
5599029
5599033
5599035
5599037
5599045
5599051
5599282
5599288
5599290
5599292
5599298
5599299
5599304
5599306
5599536
5599541
5599543
5599545
5599553
5599559
5599791
5599796
5599798
5599800
5599807
5599812
5599813
5600050
5600060
5600062
5600067
5600304
5600315
5600321
5600326
5600568
5600570
5600574
5600576
5600581
5600586
5600823
5600829
5600835
5600839
5600847
5601082
5601084
5601088
5601090
5601094
5601100
5601337
5601343
5601348
5601353
5601354
5601585
5601591
5601596
5601598
5601601
5601603
5601608
5601614
5601846
5601851
5601856
5601862
5601867
5602099
5602105
5602109
5602111
5602115
5602117
5602122
5602129
5602131
5602359
5602360
5602364
5602370
5602376
5602618
5602623
5602625
5602629
5602631
5602637
5602638
5602643
5602872
5602873
5602878
5602884
5602892
5603126
5603132
5603137
5603139
5603146
5603151
5603152
5603155
5603376
5603386
5603387
5603392
5603399
5603401
5603406
5603408
5603409
5603634
5603640
5603646
5603654
5603660
5603663
5603895
5603900
5603901
5603907
5603909
5603913
5603915
5603917
5604142
5604154
5604162
5604168
5604170
5604172
5604178
5604179
5604403
5604416
5604421
5604423
5604425
5604433
5604670
5604676
5604678
5604680
5604687
5604692
5604693
5604917
5604930
5604933
5604940
5604942
5604947
5605165
5605171
5605177
5605184
5605185
5605187
5605201
5605207
5605450
5605454
5605456
5605667
5605678
5605687
5605695
5605703
5605709
5605927
5605932
5605946
5605957
5605964
5606203
5606448
5606471
5606476
5606695
5661758
5662007
5662266
5662514
5662775
5662780
5663035
5663042
5663289
5663297
5663303
5663544
5663550
5663551
5663556
5663558
5663560
5663797
5663805
5663811
5663815
5664059
5664064
5664065
5664305
5664314
5664319
5664321
5664322
5664330
5664567
5664573
5664576
5664583
5664585
5664820
5664822
5664826
5664828
5664830
5664838
5665081
5665083
5665085
5665091
5665092
5665097
5665099
5665329
5665338
5665346
5665352
5665589
5665591
5665593
5665600
5665605
5665606
5665837
5665843
5665846
5665853
5665855
5665860
5665866
5666097
5666098
5666108
5666114
5666119
5666120
5666355
5666361
5666363
5666367
5666369
5666374
5666379
5666616
5666622
5666628
5666632
5666870
5666875
5666877
5666881
5666883
5666887
5666893
5667125
5667130
5667136
5667141
5667146
5667147
5667378
5667384
5667389
5667391
5667394
5667396
5667401
5667407
5667638
5667639
5667644
5667649
5667655
5667660
5667661
5667898
5667902
5667904
5667908
5667910
5667915
5667924
5668152
5668153
5668157
5668163
5668169
5668177
5668183
5668406
5668411
5668416
5668418
5668422
5668424
5668430
5668431
5668436
5668438
5668665
5668666
5668671
5668677
5668685
5668691
5668914
5668919
5668925
5668930
5668932
5668939
5668944
5668945
5668948
5669179
5669180
5669185
5669192
5669194
5669199
5669201
5669202
5669433
5669439
5669447
5669453
5669456
5669686
5669694
5669700
5669702
5669706
5669708
5669710
5669718
5669941
5669947
5669955
5669961
5669963
5669965
5669971
5669972
5670202
5670209
5670214
5670216
5670218
5670226
5670449
5670450
5670463
5670464
5670469
5670471
5670473
5670480
5670485
5670486
5670710
5670723
5670726
5670733
5670735
5670740
5670957
5670958
5670963
5670970
5670978
5670988
5670994
5671217
5671231
5671241
5671243
5671247
5671249
5671471
5671486
5671488
5671508
5671725
5671734
5671743
5671757
5671996
5672005
5672247
5672269
5672488
5672750
5672756
5673528
5727033
5727287
5727545
5727546
5727551
5727800
5728059
5728562
5728568
5728574
5728582
5728588
5728821
5728823
5728828
5728837
5728844
5729082
5729090
5729096
5729098
5729335
5729337
5729344
5729349
5729351
5729590
5729598
5729604
5729845
5729852
5729858
5729861
5729868
5730098
5730105
5730107
5730112
5730114
5730115
5730123
5730360
5730366
5730369
5730376
5730378
5730615
5730619
5730621
5730623
5730631
5730868
5730874
5730876
5730878
5730884
5730885
5730890
5731122
5731127
5731129
5731131
5731139
5731145
5731377
5731382
5731384
5731386
5731393
5731398
5731399
5731404
5731630
5731639
5731646
5731648
5731653
5731901
5731907
5731912
5731919
5732148
5732154
5732156
5732160
5732162
5732167
5732172
5732409
5732415
5732421
5732425
5732426
5732433
5732663
5732668
5732670
5732674
5732676
5732680
5732686
5732918
5732923
5732929
5732934
5732940
5732945
5732947
5733171
5733177
5733182
5733184
5733187
5733189
5733194
5733200
5733424
5733431
5733432
5733437
5733442
5733448
5733453
5733454
5733691
5733695
5733697
5733701
5733703
5733708
5733945
5733946
5733950
5733956
5733962
5734199
5734204
5734209
5734211
5734215
5734217
5734223
5734224
5734229
5734231
5734458
5734459
5734464
5734470
5734478
5734484
5734486
5734712
5734718
5734723
5734725
5734732
5734737
5734738
5734967
5734972
5734973
5734978
5734985
5734987
5734992
5734994
5734995
5735003
5735210
5735226
5735232
5735240
5735246
5735249
5735479
5735486
5735487
5735493
5735495
5735499
5735501
5735503
5735511
5735734
5735740
5735748
5735754
5735756
5735758
5735764
5735765
5735993
5735995
5736002
5736007
5736009
5736011
5736242
5736257
5736262
5736264
5736266
5736273
5736278
5736485
5736503
5736510
5736516
5736519
5736526
5736528
5736533
5736750
5736756
5736757
5736765
5736771
5736773
5736781
5736787
5736793
5736999
5737004
5737010
5737024
5737028
5737034
5737036
5737040
5737264
5737265
5737289
5737295
5737518
5737526
5737536
5737550
5737789
5738035
5738298
5738306
5738565
5738797
5792826
5793344
5793852
5793860
5794102
5794113
5794361
5794366
5794367
5794375
5794616
5794630
5794634
5794875
5794889
5794891
5795128
5795130
5795137
5795142
5795144
5795391
5795401
5795636
5795645
5795650
5795651
5795654
5795661
5795891
5795898
5795905
5795907
5795908
5795916
5796145
5796153
5796159
5796162
5796169
5796171
5796406
5796408
5796412
5796414
5796416
5796424
5796430
5796661
5796667
5796669
5796671
5796677
5796678
5796683
5796915
5796920
5796922
5796924
5796932
5796938
5797175
5797177
5797179
5797186
5797191
5797192
5797197
5797199
5797423
5797429
5797432
5797439
5797441
5797446
5797684
5797686
5797694
5797700
5797705
5797706
5797710
5797941
5797947
5797949
5797953
5797955
5797960
5797965
5798202
5798208
5798214
5798218
5798219
5798449
5798456
5798461
5798463
5798467
5798469
5798473
5798479
5798710
5798711
5798716
5798722
5798727
5798732
5798733
5798738
5798740
5798970
5798975
5798977
5798980
5798982
5798987
5798993
5799224
5799225
5799230
5799235
5799241
5799246
5799247
5799478
5799484
5799488
5799490
5799494
5799496
5799501
5799508
5799738
5799739
5799743
5799749
5799755
5799763
5799992
5799997
5800002
5800004
5800008
5800010
5800016
5800017
5800245
5800247
5800251
5800252
5800257
5800263
5800271
5800277
5800511
5800516
5800518
5800525
5800530
5800531
5800534
5800758
5800760
5800765
5800766
5800771
5800778
5800780
5800785
5800787
5800788
5801003
5801008
5801019
5801025
5801033
5801039
5801042
5801262
5801272
5801274
5801279
5801280
5801286
5801288
5801292
5801294
5801296
5801315
5801517
5801521
5801527
5801533
5801541
5801547
5801549
5801551
5801557
5801558
5801788
5801795
5801800
5801802
5801804
5801812
5802035
5802049
5802050
5802055
5802057
5802059
5802066
5802278
5802296
5802309
5802312
5802319
5802321
5802326
5802543
5802549
5802556
5802558
5802564
5802566
5802574
5802580
5802797
5802803
5802811
5802820
5802821
5802827
5802829
5802833
5802835
5803057
5803058
5803066
5803072
5803074
5803088
5803311
5803319
5803325
5803341
5803560
5803566
5803844
5804091
5804342
5804358
5858873
5859137
5859398
5859645
5859895
5859900
5859906
5859913
5860159
5860160
5860168
5860407
5860409
5860414
5860668
5860682
5860684
5860923
5860930
5860935
5860937
5860939
5861176
5861184
5861192
5861194
5861429
5861431
5861438
5861443
5861444
5861447
5861684
5861691
5861693
5861698
5861700
5861701
5861709
5861938
5861946
5861952
5861955
5862199
5862201
5862205
5862207
5862209
5862217
5862454
5862460
5862462
5862464
5862470
5862471
5862478
5862708
5862713
5862715
5862717
5862725
5862731
5862968
5862970
5862972
5862979
5862984
5862985
5862990
5863216
5863222
5863225
5863232
5863234
5863239
5863479
5863487
5863493
5863498
5863499
5863503
5863734
5863740
5863742
5863746
5863748
5863753
5863758
5863987
5863995
5864001
5864007
5864011
5864017
5864019
5864242
5864249
5864254
5864256
5864260
5864262
5864266
5864272
5864503
5864504
5864509
5864515
5864520
5864525
5864526
5864531
5864533
5864763
5864768
5864770
5864773
5864775
5864780
5864786
5865017
5865018
5865023
5865028
5865034
5865039
5865040
5865271
5865277
5865281
5865283
5865287
5865289
5865294
5865301
5865303
5865531
5865532
5865536
5865542
5865548
5865556
5865562
5865785
5865790
5865795
5865797
5865801
5865803
5865809
5865810
5865817
5866040
5866044
5866045
5866050
5866056
5866064
5866070
5866293
5866298
5866304
5866309
5866311
5866318
5866323
5866324
5866327
5866553
5866558
5866559
5866564
5866571
5866573
5866578
5866580
5866581
5866801
5866812
5866818
5866826
5866832
5866835
5867049
5867055
5867065
5867072
5867079
5867081
5867085
5867087
5867089
5867097
5867315
5867320
5867334
5867340
5867342
5867344
5867350
5867351
5867581
5867588
5867593
5867595
5867597
5867605
5867611
5867828
5867829
5867842
5867843
5867848
5867850
5867852
5867859
5868071
5868089
5868096
5868102
5868105
5868112
5868114
5868119
5868336
5868342
5868349
5868357
5868359
5868367
5868373
5868585
5868596
5868610
5868613
5868620
5868622
5868626
5868628
5868850
5868851
5868859
5868867
5868875
5868881
5868887
5869099
5869113
5869122
5869134
5869375
5869613
5869620
5869626
5869630
5869653
5869892
5870151
5925438
5925688
5925693
5925947
5925967
5926200
5926202
5926207
5926216
5926220
5926461
5926469
5926716
5926723
5926728
5926730
5926969
5926977
5926983
5926985
5926987
5927222
5927224
5927231
5927236
5927237
5927240
5927484
5927486
5927491
5927493
5927494
5927502
5927507
5927739
5927745
5927748
5927757
5927985
5927994
5927998
5928000
5928002
5928010
5928016
5928247
5928253
5928255
5928257
5928263
5928264
5928269
5928271
5928501
5928506
5928508
5928510
5928518
5928524
5928756
5928761
5928763
5928765
5928772
5928777
5928778
5928783
5928785
5929009
5929015
5929018
5929025
5929027
5929032
5929038
5929269
5929270
5929280
5929286
5929291
5929292
5929296
5929526
5929527
5929533
5929535
5929539
5929541
5929546
5929780
5929788
5929794
5929800
5929804
5929805
5929810
5930042
5930047
5930049
5930053
5930055
5930059
5930065
5930296
5930297
5930302
5930308
5930313
5930318
5930319
5930324
5930556
5930561
5930563
5930566
5930568
5930573
5930579
5930810
5930811
5930816
5930821
5930827
5930832
5931070
5931074
5931076
5931080
5931082
5931087
5931094
5931319
5931324
5931325
5931329
5931335
5931341
5931349
5931566
5931583
5931588
5931590
5931594
5931596
5931602
5931603
5931831
5931837
5931838
5931843
5931849
5931857
5931863
5931865
5931867
5932091
5932097
5932102
5932104
5932111
5932116
5932117
5932120
5932344
5932346
5932351
5932352
5932357
5932364
5932366
5932371
5932373
5932374
5932605
5932611
5932619
5932625
5932628
5932858
5932865
5932866
5932872
5932874
5932878
5932880
5932882
5932890
5933103
5933107
5933113
5933119
5933127
5933133
5933135
5933137
5933143
5933144
5933356
5933361
5933368
5933372
5933374
5933381
5933386
5933388
5933390
5933398
5933404
5933621
5933622
5933635
5933636
5933641
5933643
5933645
5933652
5933657
5933865
5933869
5933882
5933895
5933898
5933905
5933907
5933912
5934129
5934150
5934152
5934160
5934166
5934383
5934397
5934406
5934407
5934415
5934419
5934421
5934643
5934644
5934656
5934660
5934674
5934892
5934906
5934915
5934927
5935152
5935177
5935413
5935441
5935446
5935922
5990718
5990723
5991231
5991232
5991486
5991745
5991746
5991993
5991995
5992000
5992016
5992262
5992268
5992509
5992515
5992516
5992521
5992523
5992525
5992762
5992770
5992776
5992778
5992780
5993015
5993017
5993024
5993029
5993030
5993033
5993040
5993270
5993277
5993279
5993284
5993286
5993287
5993295
5993532
5993538
5993541
5993548
5993550
5993785
5993787
5993791
5993793
5993795
5993803
5994046
5994048
5994050
5994056
5994057
5994062
5994064
5994294
5994299
5994301
5994303
5994311
5994317
5994549
5994554
5994556
5994558
5994565
5994570
5994571
5994576
5994578
5994808
5994811
5994818
5994820
5994825
5994831
5995062
5995063
5995065
5995073
5995079
5995084
5995085
5995089
5995319
5995320
5995326
5995328
5995332
5995334
5995339
5995344
5995581
5995587
5995593
5995597
5995598
5995605
5995835
5995840
5995842
5995846
5995848
5995852
5995858
5996089
5996090
5996095
5996101
5996106
5996111
5996112
5996117
5996332
5996349
5996354
5996356
5996359
5996361
5996366
5996372
5996596
5996598
5996603
5996604
5996609
5996614
5996620
5996625
5996626
5996857
5996863
5996867
5996869
5996873
5996875
5996880
5996887
5996889
5997097
5997112
5997118
5997122
5997128
5997134
5997142
5997148
5997359
5997371
5997376
5997381
5997383
5997387
5997389
5997395
5997396
5997403
5997613
5997624
5997626
5997630
5997631
5997636
5997642
5997650
5997656
5997658
5997868
5997874
5997890
5997895
5997897
5997904
5997909
5997910
5997913
5998137
5998139
5998144
5998145
5998150
5998157
5998159
5998164
5998166
5998167
5998387
5998392
5998398
5998404
5998412
5998418
5998421
5998635
5998641
5998651
5998653
5998659
5998665
5998667
5998671
5998673
5998675
5998683
5998896
5998900
5998912
5998920
5998926
5998928
5998930
5998936
5998937
5999161
5999174
5999179
5999181
5999183
5999191
5999197
5999404
5999414
5999415
5999429
5999434
5999436
5999438
5999445
5999450
5999451
5999657
5999662
5999668
5999675
5999688
5999691
5999698
5999700
5999705
5999928
5999935
5999942
5999943
5999953
5999959
5999964
6000176
6000182
6000190
6000200
6000206
6000208
6000212
6000431
6000436
6000437
6000449
6000473
6000698
6000708
6000715
6000720
6000722
6000952
6001206
6001453
6001470
6001489
6001755
6001969
6056777
6057274
6057279
6057538
6057539
6057793
6057800
6057806
6057809
6058047
6058055
6058061
6058300
6058302
6058308
6058309
6058314
6058316
6058555
6058563
6058569
6058571
6058573
6058810
6058817
6058822
6058823
6058826
6059063
6059070
6059072
6059077
6059079
6059080
6059088
6059325
6059331
6059334
6059341
6059343
6059347
6059578
6059580
6059584
6059586
6059588
6059596
6059602
6059833
6059839
6059841
6059843
6059849
6059850
6059855
6059857
6060087
6060092
6060094
6060096
6060104
6060110
6060116
6060342
6060347
6060349
6060351
6060358
6060363
6060364
6060369
6060595
6060601
6060604
6060611
6060613
6060618
6060855
6060856
6060858
6060866
6060872
6060877
6060878
6060882
6061112
6061113
6061119
6061121
6061125
6061127
6061132
6061137
6061148
6061374
6061380
6061386
6061390
6061391
6061396
6061628
6061633
6061635
6061639
6061641
6061645
6061651
6061882
6061883
6061888
6061894
6061899
6061904
6061905
6062125
6062136
6062142
6062147
6062149
6062152
6062154
6062159
6062165
6062396
6062397
6062402
6062407
6062413
6062418
6062419
6062650
6062656
6062660
6062662
6062666
6062668
6062673
6062680
6062682
6062903
6062905
6062910
6062911
6062915
6062921
6062927
6062935
6063158
6063164
6063169
6063174
6063176
6063180
6063182
6063188
6063189
6063194
6063406
6063413
6063417
6063423
6063424
6063429
6063435
6063443
6063449
6063677
6063683
6063688
6063690
6063697
6063702
6063703
6063706
6063927
6063930
6063932
6063937
6063938
6063943
6063950
6063952
6063957
6063959
6063960
6064180
6064185
6064191
6064197
6064205
6064211
6064214
6064428
6064444
6064451
6064452
6064458
6064460
6064464
6064466
6064468
6064689
6064694
6064699
6064713
6064719
6064721
6064723
6064729
6064730
6064958
6064960
6064967
6064972
6064974
6064976
6064984
6064990
6065207
6065208
6065213
6065221
6065222
6065227
6065229
6065231
6065238
6065244
6065450
6065475
6065481
6065484
6065491
6065493
6065498
6065715
6065716
6065721
6065722
6065728
6065735
6065736
6065738
6065746
6065752
6065964
6065975
6065983
6065999
6066001
6066005
6066007
6066229
6066238
6066244
6066260
6066266
6066478
6066492
6066497
6066501
6066513
6066738
6066992
6066999
6067000
6067263
6122825
6123332
6123575
6123579
6123581
6123593
6123595
6123602
6123828
6123840
6123848
6123856
6124093
6124095
6124101
6124102
6124107
6124109
6124348
6124356
6124362
6124364
6124366
6124601
6124603
6124610
6124615
6124616
6124619
6124856
6124863
6124865
6124870
6124872
6124873
6124886
6125118
6125124
6125127
6125134
6125136
6125364
6125371
6125373
6125377
6125379
6125381
6125389
6125395
6125632
6125634
6125636
6125642
6125643
6125648
6125650
6125885
6125887
6125889
6125897
6125903
6126135
6126140
6126142
6126144
6126151
6126156
6126162
6126164
6126404
6126406
6126411
6126427
6126648
6126649
6126651
6126659
6126665
6126670
6126671
6126675
6126902
6126906
6126912
6126914
6126918
6126920
6126925
6126930
6126941
6127159
6127167
6127173
6127179
6127183
6127184
6127191
6127412
6127414
6127421
6127426
6127428
6127432
6127434
6127438
6127444
6127675
6127676
6127681
6127687
6127692
6127697
6127698
6127705
6127935
6127940
6127942
6127945
6127947
6127952
6127958
6128184
6128190
6128195
6128200
6128206
6128211
6128212
6128443
6128449
6128453
6128455
6128459
6128461
6128466
6128703
6128704
6128708
6128714
6128720
6128728
6128945
6128957
6128962
6128967
6128969
6128973
6128975
6128981
6128982
6128987
6128989
6129210
6129216
6129217
6129222
6129228
6129236
6129242
6129244
6129470
6129476
6129481
6129483
6129490
6129495
6129496
6129499
6129713
6129720
6129723
6129725
6129730
6129731
6129736
6129743
6129745
6129750
6129752
6129753
6129761
6129968
6129978
6129984
6129990
6129998
6130004
6130007
6130237
6130239
6130244
6130245
6130251
6130253
6130257
6130259
6130261
6130269
6130482
6130487
6130492
6130498
6130506
6130512
6130514
6130516
6130522
6130523
6130735
6130747
6130751
6130753
6130760
6130765
6130767
6130769
6130777
6130990
6131000
6131001
6131006
6131015
6131020
6131022
6131024
6131031
6131036
6131037
6131261
6131268
6131274
6131277
6131284
6131286
6131291
6131509
6131521
6131528
6131529
6131531
6131545
6131768
6131776
6131785
6131792
6131794
6131798
6132023
6132031
6132037
6132053
6132059
6132271
6132276
6132285
6132294
6132525
6132547
6132785
6133039
6133056
6188102
6188363
6188611
6189124
6189125
6189379
6189386
6189395
6189396
6189621
6189633
6189641
6189894
6189895
6189900
6189902
6189904
6190141
6190149
6190155
6190157
6190159
6190394
6190396
6190403
6190408
6190409
6190412
6190649
6190656
6190658
6190663
6190665
6190666
6190674
6190903
6190911
6190917
6190920
6190927
6190929
6190933
6191164
6191166
6191170
6191172
6191174
6191182
6191419
6191425
6191427
6191429
6191435
6191436
6191443
6191678
6191680
6191682
6191690
6191696
6191928
6191933
6191935
6191937
6191944
6191949
6191950
6192187
6192190
6192197
6192199
6192204
6192210
6192215
6192442
6192444
6192452
6192458
6192463
6192464
6192468
6192470
6192698
6192699
6192705
6192707
6192711
6192713
6192718
6192723
6192734
6192960
6192966
6192972
6192976
6192977
6192982
6192984
6193207
6193214
6193219
6193221
6193225
6193227
6193231
6193237
6193468
6193469
6193474
6193480
6193485
6193490
6193491
6193496
6193498
6193711
6193728
6193733
6193735
6193738
6193740
6193745
6193751
6193977
6193982
6193983
6193988
6193993
6193999
6194004
6194005
6194236
6194242
6194246
6194248
6194252
6194254
6194259
6194268
6194489
6194491
6194497
6194501
6194507
6194513
6194521
6194750
6194755
6194760
6194762
6194766
6194768
6194774
6194775
6194780
6195009
6195010
6195015
6195021
6195029
6195035
6195247
6195253
6195258
6195263
6195269
6195274
6195276
6195283
6195288
6195289
6195292
6195523
6195524
6195529
6195536
6195538
6195543
6195545
6195546
6195766
6195771
6195777
6195783
6195791
6195797
6195800
6196030
6196032
6196037
6196038
6196044
6196046
6196050
6196052
6196054
6196062
6196275
6196279
6196280
6196285
6196291
6196299
6196305
6196307
6196309
6196315
6196316
6196528
6196533
6196540
6196544
6196546
6196553
6196558
6196560
6196562
6196570
6196783
6196793
6196794
6196799
6196807
6196808
6196813
6196815
6196817
6196824
6197041
6197047
6197061
6197067
6197070
6197077
6197079
6197084
6197301
6197302
6197307
6197308
6197314
6197322
6197332
6197338
6197343
6197555
6197575
6197578
6197585
6197587
6197591
6197598
6197815
6197816
6197824
6197828
6197830
6197840
6197846
6197852
6198064
6198078
6198087
6198340
6198608
6198618
6198849
6199100
6199116
6199134
6254918
6255161
6255165
6255167
6255172
6255179
6255181
6255414
6255426
6255688
6255693
6255934
6255942
6255948
6255952
6256182
6256187
6256189
6256196
6256201
6256202
6256205
6256212
6256442
6256449
6256451
6256456
6256458
6256459
6256704
6256710
6256713
6256720
6256950
6256957
6256959
6256963
6256965
6256967
6256975
6257212
6257218
6257220
6257222
6257228
6257229
6257234
6257471
6257473
6257475
6257483
6257489
6257721
6257726
6257728
6257730
6257737
6257742
6257743
6257748
6257750
6257974
6257980
6257983
6257990
6257992
6257997
6258003
6258234
6258235
6258237
6258245
6258251
6258256
6258257
6258491
6258492
6258498
6258500
6258504
6258506
6258511
6258516
6258745
6258753
6258759
6258765
6258769
6258770
6258775
6258777
6258998
6259000
6259007
6259012
6259014
6259018
6259020
6259024
6259030
6259261
6259262
6259267
6259273
6259278
6259283
6259284
6259289
6259291
6259515
6259521
6259526
6259528
6259531
6259533
6259538
6259544
6259768
6259770
6259775
6259776
6259781
6259786
6259792
6259797
6259798
6260029
6260035
6260039
6260041
6260045
6260047
6260052
6260059
6260282
6260284
6260289
6260290
6260294
6260300
6260306
6260314
6260543
6260548
6260553
6260555
6260559
6260561
6260567
6260568
6260573
6260785
6260796
6260798
6260802
6260803
6260808
6260814
6260822
6260828
6260830
6261051
6261056
6261062
6261067
6261069
6261076
6261081
6261082
6261085
6261309
6261311
6261316
6261317
6261322
6261329
6261331
6261336
6261338
6261339
6261554
6261560
6261570
6261576
6261584
6261590
6261593
6261813
6261823
6261825
6261830
6261831
6261837
6261839
6261843
6261845
6261847
6261855
6262067
6262068
6262072
6262073
6262078
6262092
6262098
6262100
6262102
6262108
6262109
6262326
6262337
6262339
6262346
6262351
6262353
6262355
6262363
6262369
6262580
6262586
6262587
6262600
6262601
6262606
6262608
6262610
6262617
6262840
6262847
6262854
6262860
6262863
6262870
6262872
6262877
6263094
6263095
6263101
6263107
6263114
6263115
6263117
6263125
6263131
6263354
6263371
6263378
6263384
6263386
6263597
6263608
6263623
6263639
6263645
6263857
6263862
6263880
6263892
6263894
6264133
6264378
6264379
6264401
6264411
6264887
6265141
6319949
6320196
6320204
6320710
6320958
6320974
6321227
6321472
6321474
6321480
6321481
6321486
6321488
6321721
6321735
6321741
6321743
6321745
6321975
6321980
6321982
6321989
6321994
6321995
6321998
6322005
6322235
6322242
6322244
6322249
6322251
6322252
6322260
6322497
6322503
6322506
6322513
6322515
6322750
6322752
6322756
6322758
6322760
6322768
6323005
6323011
6323013
6323015
6323021
6323022
6323027
6323264
6323266
6323268
6323276
6323282
6323514
6323519
6323521
6323523
6323530
6323535
6323536
6323543
6323773
6323776
6323783
6323785
6323790
6323796
6323801
6323806
6324027
6324028
6324030
6324038
6324044
6324049
6324050
6324054
6324281
6324285
6324291
6324293
6324297
6324299
6324304
6324309
6324320
6324536
6324546
6324552
6324558
6324562
6324563
6324568
6324570
6324791
6324793
6324800
6324805
6324807
6324811
6324813
6324817
6324823
6325055
6325060
6325066
6325071
6325076
6325077
6325082
6325084
6325308
6325314
6325319
6325321
6325324
6325326
6325331
6325337
6325561
6325568
6325569
6325574
6325579
6325585
6325590
6325591
6325808
6325822
6325828
6325832
6325834
6325838
6325840
6325845
6325852
6325854
6326062
6326071
6326075
6326077
6326082
6326083
6326087
6326093
6326099
6326107
6326336
6326341
6326346
6326348
6326352
6326354
6326360
6326361
6326366
6326578
6326591
6326596
6326601
6326607
6326615
6326621
6326623
6326833
6326839
6326844
6326849
6326855
6326860
6326862
6326869
6326874
6326875
6326878
6327092
6327102
6327104
6327109
6327110
6327115
6327122
6327124
6327129
6327131
6327132
6327347
6327352
6327357
6327363
6327369
6327377
6327383
6327386
6327600
6327606
6327616
6327623
6327624
6327630
6327632
6327636
6327638
6327640
6327648
6327861
6327865
6327866
6327871
6327877
6327885
6327891
6327893
6327895
6327901
6327902
6328126
6328130
6328139
6328144
6328146
6328148
6328156
6328369
6328379
6328380
6328385
6328393
6328394
6328399
6328401
6328403
6328410
6328416
6328622
6328627
6328647
6328653
6328656
6328663
6328665
6328670
6328887
6328888
6328894
6328900
6328902
6328908
6328918
6328924
6328929
6329155
6329173
6329177
6329401
6329402
6329410
6329432
6329438
6329650
6329655
6329663
6329669
6329673
6329910
6329917
6329926
6330443
6330686
6385476
6386503
6386751
6386767
6386774
6387006
6387012
6387028
6387259
6387267
6387273
6387274
6387279
6387520
6387528
6387534
6387536
6387538
6387768
6387775
6387787
6387788
6387791
6388035
6388037
6388042
6388044
6388045
6388290
6388296
6388299
6388306
6388308
6388543
6388545
6388549
6388551
6388553
6388561
6388806
6388808
6388814
6388815
6388820
6388822
6389057
6389059
6389061
6389069
6389075
6389081
6389307
6389314
6389316
6389323
6389328
6389329
6389334
6389336
6389566
6389569
6389576
6389578
6389583
6389589
6389820
6389821
6389823
6389831
6389837
6389842
6389843
6389847
6390077
6390078
6390084
6390086
6390090
6390092
6390097
6390102
6390329
6390339
6390345
6390351
6390355
6390356
6390361
6390363
6390584
6390586
6390593
6390598
6390600
6390604
6390606
6390610
6390616
6390839
6390848
6390853
6390859
6390864
6390869
6390870
6390875
6391107
6391112
6391114
6391117
6391119
6391124
6391130
6391356
6391361
6391362
6391367
6391372
6391378
6391383
6391384
6391392
6391615
6391621
6391625
6391627
6391631
6391633
6391638
6391645
6391864
6391868
6391870
6391875
6391876
6391880
6391886
6391892
6391900
6392117
6392118
6392123
6392129
6392134
6392139
6392141
6392145
6392147
6392153
6392154
6392159
6392371
6392378
6392382
6392388
6392389
6392394
6392400
6392408
6392414
6392416
6392418
6392626
6392631
6392632
6392637
6392648
6392653
6392655
6392662
6392667
6392668
6392671
6392892
6392895
6392897
6392902
6392903
6392908
6392915
6392917
6392922
6392924
6392925
6393146
6393150
6393156
6393162
6393170
6393176
6393179
6393393
6393399
6393405
6393409
6393411
6393416
6393417
6393423
6393425
6393429
6393431
6393433
6393441
6393658
6393659
6393664
6393670
6393678
6393684
6393686
6393688
6393694
6393695
6393907
6393912
6393923
6393925
6393932
6393937
6393939
6393941
6393949
6393955
6394162
6394166
6394172
6394173
6394178
6394186
6394192
6394196
6394203
6394208
6394415
6394420
6394440
6394446
6394449
6394456
6394458
6394463
6394680
6394681
6394686
6394693
6394695
6394700
6394701
6394711
6394717
6394940
6394948
6394958
6394964
6394966
6394972
6394977
6395194
6395203
6395207
6395225
6395231
6395448
6395457
6395466
6395473
6395480
6395697
6395710
6395964
6395974
6395987
6451269
6451280
6451783
6452291
6452296
6452297
6452793
6452799
6452805
6452813
6452821
6453066
6453072
6453307
6453321
6453327
6453331
6453561
6453568
6453575
6453580
6453581
6453584
6453821
6453828
6453830
6453837
6453838
6454083
6454089
6454092
6454099
6454101
6454330
6454336
6454338
6454342
6454344
6454346
6454354
6454591
6454597
6454599
6454601
6454607
6454608
6454613
6454615
6454850
6454852
6454854
6454862
6454868
6455100
6455105
6455107
6455109
6455116
6455121
6455122
6455127
6455129
6455359
6455362
6455369
6455371
6455376
6455382
6455387
6455613
6455614
6455616
6455624
6455630
6455635
6455636
6455640
6455867
6455871
6455877
6455879
6455883
6455885
6455890
6455895
6456122
6456124
6456132
6456138
6456144
6456148
6456149
6456154
6456386
6456391
6456393
6456397
6456399
6456403
6456409
6456641
6456646
6456652
6456657
6456662
6456663
6456668
6456670
6456894
6456900
6456905
6456907
6456910
6456912
6456917
6456923
6457154
6457155
6457160
6457165
6457171
6457176
6457177
6457391
6457408
6457414
6457418
6457420
6457424
6457426
6457431
6457649
6457661
6457663
6457668
6457669
6457673
6457679
6457685
6457693
6457910
6457922
6457927
6457932
6457934
6457938
6457940
6457946
6457947
6457952
6457954
6458171
6458175
6458177
6458187
6458193
6458201
6458207
6458209
6458211
6458419
6458425
6458435
6458441
6458446
6458448
6458455
6458460
6458461
6458464
6458678
6458685
6458688
6458690
6458695
6458696
6458701
6458708
6458710
6458715
6458717
6458718
6458933
6458938
6458949
6458955
6458963
6458969
6458972
6459192
6459198
6459202
6459204
6459209
6459210
6459216
6459218
6459222
6459224
6459226
6459446
6459447
6459451
6459452
6459457
6459463
6459471
6459477
6459479
6459481
6459487
6459488
6459700
6459705
6459712
6459716
6459718
6459730
6459732
6459734
6459742
6459959
6459965
6459966
6459971
6459979
6459980
6459985
6459987
6459989
6459996
6460001
6460219
6460226
6460233
6460239
6460242
6460249
6460251
6460256
6460262
6460473
6460474
6460479
6460486
6460493
6460494
6460496
6460504
6460510
6460733
6460741
6460750
6460759
6460763
6460996
6461000
6461002
6461012
6461018
6461024
6461236
6461255
6461259
6461273
6461503
6461512
6461757
6461780
6517328
6517583
6517823
6517843
6518089
6518331
6518344
6518351
6518353
6518582
6518598
6518606
6518845
6518853
6518859
6518860
6518865
6519106
6519120
6519122
6519124
6519359
6519361
6519368
6519373
6519377
6519614
6519621
6519623
6519628
6519630
6519631
6519862
6519876
6519882
6519885
6519892
6519894
6520122
6520123
6520129
6520131
6520135
6520137
6520139
6520147
6520390
6520392
6520394
6520400
6520401
6520406
6520408
6520645
6520647
6520655
6520661
6520893
6520898
6520900
6520902
6520909
6520914
6520915
6520922
6521152
6521155
6521162
6521164
6521169
6521175
6521401
6521406
6521407
6521409
6521417
6521423
6521428
6521429
6521433
6521664
6521670
6521672
6521676
6521678
6521683
6521688
6521917
6521925
6521931
6521937
6521941
6521942
6521947
6521949
6522179
6522184
6522186
6522190
6522192
6522196
6522202
6522423
6522433
6522434
6522439
6522445
6522450
6522455
6522456
6522461
6522693
6522698
6522700
6522703
6522705
6522710
6522716
6522940
6522942
6522947
6522948
6522953
6522958
6522964
6522969
6522970
6523201
6523207
6523211
6523213
6523217
6523219
6523224
6523231
6523233
6523450
6523454
6523456
6523461
6523462
6523466
6523472
6523478
6523486
6523703
6523704
6523709
6523715
6523720
6523725
6523727
6523731
6523733
6523739
6523740
6523745
6523957
6523964
6523968
6523970
6523974
6523975
6523980
6523986
6523994
6524000
6524002
6524212
6524217
6524218
6524223
6524228
6524234
6524239
6524241
6524248
6524253
6524254
6524257
6524471
6524481
6524483
6524488
6524489
6524494
6524501
6524503
6524508
6524510
6524511
6524726
6524736
6524748
6524756
6524762
6524765
6524985
6524991
6524995
6524997
6525002
6525003
6525009
6525011
6525015
6525017
6525019
6525239
6525240
6525244
6525245
6525250
6525256
6525264
6525270
6525272
6525274
6525280
6525281
6525498
6525505
6525509
6525511
6525518
6525523
6525525
6525527
6525535
6525748
6525758
6525759
6525764
6525772
6525773
6525778
6525780
6525789
6525794
6525795
6526012
6526019
6526026
6526032
6526035
6526042
6526044
6526055
6526266
6526267
6526273
6526279
6526281
6526286
6526287
6526297
6526303
6526309
6526520
6526526
6526540
6526543
6526550
6526552
6526556
6526558
6526563
6526775
6526780
6526789
6526795
6526811
6527043
6527066
6527070
6527550
6527551
6528097
6528313
6582866
6583363
6583623
6583882
6584137
6584144
6584150
6584385
6584391
6584399
6584638
6584653
6584658
6584662
6584893
6584907
6584913
6584915
6584917
6585152
6585154
6585161
6585166
6585167
6585170
6585401
6585402
6585407
6585416
6585421
6585423
6585424
6585669
6585675
6585678
6585685
6585687
6585915
6585916
6585922
6585928
6585930
6585932
6585940
6585946
6586183
6586185
6586187
6586193
6586194
6586199
6586438
6586440
6586448
6586454
6586460
6586686
6586693
6586695
6586702
6586707
6586708
6586713
6586715
6586945
6586948
6586955
6586957
6586962
6586968
6587199
6587200
6587202
6587210
6587216
6587221
6587222
6587226
6587456
6587457
6587463
6587465
6587469
6587471
6587476
6587481
6587718
6587724
6587730
6587734
6587735
6587740
6587742
6587961
6587963
6587972
6587977
6587979
6587983
6587985
6587989
6587995
6588226
6588227
6588232
6588238
6588243
6588248
6588249
6588254
6588480
6588486
6588491
6588493
6588496
6588498
6588503
6588509
6588733
6588735
6588740
6588741
6588746
6588751
6588757
6588762
6588763
6588771
6589000
6589004
6589006
6589010
6589012
6589017
6589231
6589243
6589247
6589249
6589254
6589255
6589259
6589265
6589271
6589279
6589496
6589497
6589508
6589513
6589518
6589520
6589524
6589526
6589532
6589533
6589538
6589757
6589761
6589763
6589768
6589773
6589779
6589787
6589793
6589795
6590010
6590011
6590021
6590027
6590032
6590034
6590041
6590046
6590047
6590050
6590264
6590271
6590274
6590276
6590281
6590282
6590287
6590294
6590296
6590301
6590303
6590304
6590518
6590524
6590525
6590529
6590535
6590541
6590549
6590555
6590558
6590772
6590778
6590784
6590788
6590795
6590796
6590802
6590804
6590808
6590810
6590812
6591032
6591033
6591037
6591038
6591043
6591049
6591057
6591063
6591065
6591067
6591073
6591074
6591286
6591291
6591302
6591304
6591311
6591316
6591318
6591320
6591328
6591545
6591551
6591552
6591557
6591565
6591566
6591571
6591573
6591575
6591582
6591794
6591812
6591819
6591825
6591828
6591835
6591837
6591842
6591848
6592059
6592060
6592065
6592066
6592072
6592074
6592079
6592080
6592082
6592090
6592096
6592102
6592319
6592327
6592333
6592343
6592345
6592349
6592351
6592356
6592574
6592582
6592586
6592588
6592590
6592604
6592610
6592835
6592836
6592845
6592852
6592857
6592859
6593082
6593343
6593852
6648914
6649429
6649675
6649676
6649917
6649930
6649937
6649939
6650172
6650184
6650192
6650431
6650455
6650686
6650692
6650700
6650706
6650710
6650945
6650947
6650960
6650963
6651195
6651200
6651209
6651214
6651216
6651217
6651454
6651462
6651468
6651471
6651478
6651480
6651709
6651715
6651717
6651721
6651723
6651725
6651733
6651970
6651976
6651978
6651980
6651986
6651987
6651992
6651994
6652229
6652233
6652241
6652247
6652486
6652488
6652495
6652500
6652501
6652506
6652508
6652738
6652741
6652748
6652750
6652755
6652761
6652766
6652987
6652993
6652995
6653003
6653009
6653014
6653015
6653019
6653246
6653249
6653258
6653262
6653264
6653269
6653274
6653511
6653517
6653523
6653527
6653528
6653533
6653756
6653758
6653765
6653770
6653772
6653776
6653778
6653782
6653788
6654009
6654019
6654020
6654025
6654031
6654036
6654041
6654042
6654047
6654049
6654263
6654266
6654279
6654284
6654286
6654289
6654291
6654296
6654302
6654528
6654533
6654534
6654539
6654544
6654550
6654555
6654556
6654564
6654793
6654797
6654799
6654803
6654805
6654810
6655027
6655042
6655047
6655048
6655052
6655058
6655064
6655072
6655078
6655290
6655295
6655301
6655306
6655311
6655313
6655317
6655319
6655325
6655326
6655333
6655550
6655554
6655556
6655560
6655561
6655566
6655572
6655580
6655586
6655588
6655798
6655803
6655809
6655814
6655820
6655825
6655827
6655834
6655839
6655840
6655843
6656057
6656064
6656067
6656069
6656074
6656075
6656080
6656087
6656089
6656094
6656096
6656097
6656105
6656317
6656322
6656334
6656342
6656348
6656351
6656565
6656571
6656581
6656583
6656588
6656595
6656597
6656601
6656603
6656605
6656613
6656820
6656825
6656830
6656831
6656836
6656842
6656850
6656856
6656858
6656860
6656866
6656867
6657079
6657084
6657091
6657095
6657097
6657104
6657109
6657111
6657113
6657121
6657344
6657345
6657350
6657358
6657359
6657364
6657366
6657368
6657375
6657380
6657381
6657587
6657598
6657605
6657612
6657618
6657628
6657630
6657635
6657641
6657865
6657867
6657872
6657873
6657875
6657883
6657889
6658112
6658120
6658126
6658129
6658138
6658142
6658144
6658361
6658366
6658367
6658375
6658383
6658620
6658628
6658638
6658650
6658652
6658891
6659159
6659683
6715209
6715222
6715468
6715712
6715716
6715723
6715732
6715965
6715971
6715985
6716219
6716224
6716232
6716244
6716248
6716493
6716499
6716501
6716733
6716747
6716753
6716756
6716987
6716988
6717000
6717007
6717009
6717010
6717018
6717255
6717261
6717264
6717271
6717273
6717502
6717508
6717510
6717514
6717516
6717518
6717526
6717763
6717769
6717771
6717773
6717779
6717780
6717785
6718022
6718024
6718026
6718034
6718040
6718046
6718279
6718288
6718293
6718294
6718299
6718301
6718531
6718541
6718543
6718548
6718554
6718559
6718785
6718786
6718788
6718796
6718802
6718807
6718808
6718812
6718814
6719039
6719042
6719049
6719051
6719055
6719057
6719062
6719067
6719304
6719310
6719316
6719320
6719321
6719326
6719328
6719549
6719551
6719558
6719563
6719565
6719569
6719571
6719575
6719581
6719802
6719804
6719818
6719824
6719829
6719834
6719835
6719840
6719842
6720059
6720066
6720072
6720077
6720079
6720082
6720084
6720089
6720095
6720319
6720321
6720326
6720327
6720332
6720337
6720343
6720348
6720349
6720357
6720580
6720586
6720590
6720592
6720596
6720598
6720603
6720610
6720612
6720829
6720833
6720835
6720840
6720841
6720845
6720851
6720857
6720865
6721072
6721082
6721083
6721088
6721094
6721099
6721104
6721106
6721110
6721112
6721118
6721119
6721336
6721343
6721347
6721349
6721353
6721354
6721359
6721365
6721373
6721379
6721381
6721591
6721597
6721602
6721607
6721613
6721618
6721620
6721627
6721632
6721633
6721636
6721850
6721857
6721860
6721862
6721867
6721868
6721873
6721880
6721882
6721887
6721889
6721890
6722104
6722105
6722110
6722115
6722121
6722127
6722135
6722141
6722144
6722364
6722370
6722374
6722376
6722381
6722382
6722388
6722390
6722394
6722396
6722398
6722406
6722613
6722618
6722619
6722623
6722624
6722629
6722635
6722643
6722649
6722651
6722653
6722659
6722660
6722872
6722877
6722884
6722888
6722890
6722897
6722902
6722904
6722906
6722914
6723137
6723138
6723143
6723151
6723152
6723157
6723159
6723161
6723168
6723173
6723174
6723405
6723411
6723414
6723421
6723423
6723645
6723646
6723652
6723658
6723660
6723666
6723676
6723682
6723905
6723913
6723919
6723931
6723935
6723942
6724160
6724168
6724172
6724174
6724190
6724413
6724421
6724422
6724445
6724449
6725476
6780992
6781261
6781503
6781505
6781525
6781764
6781778
6781786
6782017
6782023
6782025
6782031
6782032
6782037
6782278
6782292
6782294
6782296
6782531
6782540
6782545
6782546
6782781
6782800
6782802
6782803
6783034
6783040
6783048
6783054
6783057
6783064
6783066
6783295
6783301
6783303
6783307
6783309
6783311
6783319
6783542
6783562
6783564
6783566
6783572
6783573
6783578
6783580
6783819
6783827
6783833
6784070
6784072
6784074
6784081
6784086
6784087
6784092
6784094
6784334
6784336
6784341
6784347
6784357
6784578
6784579
6784589
6784595
6784600
6784601
6784607
6784835
6784836
6784842
6784844
6784848
6784850
6784855
6784860
6785081
6785097
6785103
6785109
6785113
6785114
6785119
6785121
6785344
6785351
6785358
6785362
6785364
6785368
6785374
6785597
6785605
6785606
6785611
6785617
6785622
6785627
6785628
6785859
6785865
6785870
6785872
6785875
6785877
6785882
6785888
6786112
6786114
6786119
6786120
6786125
6786130
6786136
6786141
6786142
6786359
6786373
6786379
6786383
6786385
6786389
6786391
6786396
6786403
6786610
6786614
6786622
6786626
6786628
6786633
6786638
6786644
6786650
6786658
6786664
6786875
6786881
6786887
6786892
6786897
6786899
6786903
6786905
6786911
6786912
6786917
6786919
6787129
6787136
6787140
6787142
6787147
6787152
6787158
6787166
6787172
6787384
6787389
6787390
6787395
6787400
6787406
6787411
6787413
6787420
6787425
6787426
6787429
6787643
6787650
6787653
6787655
6787660
6787661
6787666
6787673
6787675
6787680
6787682
6787683
6787903
6787904
6787908
6787914
6787920
6787928
6787934
6787937
6788157
6788163
6788167
6788169
6788174
6788175
6788181
6788183
6788187
6788189
6788191
6788199
6788412
6788416
6788422
6788428
6788436
6788442
6788444
6788446
6788452
6788453
6788665
6788670
6788677
6788681
6788683
6788690
6788695
6788697
6788699
6788707
6788920
6788924
6788931
6788936
6788944
6788945
6788950
6788952
6788954
6788961
6788966
6789178
6789198
6789204
6789214
6789216
6789221
6789439
6789451
6789453
6789458
6789459
6789461
6789475
6789698
6789706
6789712
6789724
6789728
6789952
6789961
6790201
6790206
6790215
6790220
6790224
6790231
6790236
6790238
6790722
6790745
6847054
6847304
6847309
6847322
6847557
6847571
6847805
6847810
6847812
6847816
6847818
6847824
6848065
6848079
6848085
6848324
6848333
6848339
6848342
6848574
6848593
6848595
6848596
6848841
6848847
6848850
6848857
6849087
6849094
6849096
6849100
6849102
6849104
6849112
6849118
6849349
6849357
6849359
6849365
6849366
6849371
6849373
6849608
6849610
6849612
6849620
6849626
6849858
6849863
6849865
6849867
6849874
6849879
6849880
6849885
6849887
6850117
6850120
6850127
6850129
6850134
6850140
6850145
6850372
6850374
6850382
6850388
6850393
6850394
6850398
6850400
6850635
6850637
6850641
6850643
6850648
6850653
6850890
6850896
6850902
6850906
6850907
6850912
6851133
6851137
6851149
6851151
6851155
6851157
6851161
6851167
6851398
6851399
6851404
6851410
6851415
6851420
6851421
6851426
6851645
6851658
6851663
6851665
6851668
6851670
6851675
6851681
6851899
6851907
6851912
6851913
6851918
6851923
6851929
6851934
6851935
6852152
6852160
6852166
6852172
6852176
6852178
6852182
6852184
6852189
6852196
6852198
6852415
6852419
6852421
6852426
6852427
6852431
6852437
6852443
6852451
6852658
6852668
6852669
6852674
6852680
6852685
6852690
6852692
6852696
6852698
6852704
6852705
6852710
6852712
6852922
6852929
6852933
6852935
6852939
6852940
6852945
6852951
6852959
6852965
6852967
6853177
6853183
6853188
6853193
6853199
6853204
6853206
6853213
6853218
6853219
6853222
6853436
6853443
6853446
6853453
6853454
6853459
6853466
6853468
6853473
6853475
6853476
6853691
6853696
6853697
6853701
6853707
6853713
6853721
6853727
6853730
6853950
6853956
6853960
6853962
6853967
6853968
6853974
6853976
6853980
6853982
6853984
6853992
6854204
6854205
6854209
6854210
6854215
6854221
6854235
6854237
6854239
6854245
6854246
6854463
6854470
6854474
6854476
6854483
6854488
6854490
6854492
6854500
6854506
6854717
6854724
6854729
6854737
6854738
6854743
6854745
6854747
6854754
6854971
6854977
6854984
6854991
6854997
6855000
6855007
6855009
6855014
6855237
6855238
6855244
6855246
6855252
6855268
6855485
6855499
6855509
6855746
6855754
6855758
6855776
6855782
6855999
6856008
6856029
6856031
6856515
6856516
6912848
6913097
6913350
6913603
6913605
6913609
6913611
6913617
6913623
6913852
6913858
6913864
6913878
6913880
6914117
6914119
6914126
6914367
6914372
6914379
6914381
6914386
6914388
6914389
6914634
6914640
6914643
6914652
6914889
6914893
6914895
6914897
6914905
6915142
6915150
6915152
6915159
6915164
6915166
6915405
6915413
6915419
6915658
6915667
6915672
6915673
6915678
6915680
6915913
6915920
6915922
6915927
6915938
6916167
6916175
6916181
6916186
6916187
6916191
6916193
6916421
6916422
6916428
6916430
6916434
6916436
6916441
6916446
6916671
6916683
6916689
6916695
6916699
6916700
6916705
6916707
6916926
6916930
6916942
6916944
6916948
6916950
6916954
6916960
6917174
6917191
6917192
6917197
6917203
6917208
6917213
6917214
6917219
6917221
6917438
6917445
6917451
6917458
6917461
6917463
6917468
6917474
6917688
6917691
6917692
6917698
6917700
6917705
6917706
6917711
6917716
6917722
6917727
6917728
6917945
6917953
6917959
6917965
6917969
6917971
6917975
6917977
6917982
6917989
6917991
6918208
6918212
6918214
6918219
6918220
6918224
6918230
6918236
6918244
6918250
6918451
6918461
6918467
6918473
6918478
6918483
6918485
6918489
6918491
6918497
6918498
6918503
6918505
6918715
6918722
6918726
6918728
6918732
6918733
6918738
6918744
6918752
6918758
6918760
6918970
6918981
6918986
6918992
6918997
6918999
6919006
6919011
6919012
6919015
6919229
6919236
6919239
6919241
6919246
6919247
6919252
6919259
6919261
6919266
6919268
6919269
6919277
6919483
6919489
6919494
6919500
6919506
6919514
6919520
6919523
6919743
6919749
6919753
6919755
6919760
6919761
6919767
6919769
6919773
6919775
6919777
6919785
6919998
6920002
6920003
6920008
6920014
6920022
6920028
6920030
6920032
6920038
6920039
6920251
6920256
6920263
6920267
6920269
6920276
6920281
6920283
6920285
6920293
6920510
6920517
6920522
6920530
6920531
6920536
6920538
6920540
6920547
6920552
6920553
6920764
6920770
6920784
6920790
6920793
6920800
6920802
6921024
6921025
6921030
6921031
6921037
6921039
6921044
6921045
6921047
6921061
6921067
6921284
6921292
6921301
6921302
6921310
6921314
6921547
6921551
6921553
6921575
6921800
6921801
6921806
6921824
6978381
6978635
6978641
6978882
6979143
6979149
6979402
6979404
6979645
6979657
6979673
6979675
6979919
6979925
6979928
6979935
6980160
6980165
6980172
6980179
6980181
6980182
6980427
6980433
6980436
6980443
6980686
6980688
6980698
6980704
6980921
6980935
6980941
6980943
6980945
6980951
6980952
6980957
6980959
6981196
6981198
6981206
6981212
6981449
6981451
6981453
6981460
6981465
6981466
6981471
6981473
6981703
6981713
6981715
6981720
6981726
6981958
6981960
6981968
6981974
6981979
6981980
6981984
6982211
6982214
6982221
6982223
6982227
6982229
6982234
6982239
6982476
6982482
6982488
6982492
6982493
6982498
6982721
6982723
6982730
6982735
6982737
6982741
6982743
6982747
6982753
6982967
6982976
6982984
6982985
6982990
6982996
6983001
6983006
6983007
6983012
6983238
6983244
6983249
6983251
6983254
6983256
6983261
6983267
6983484
6983485
6983491
6983493
6983498
6983504
6983509
6983515
6983520
6983521
6983735
6983746
6983752
6983758
6983762
6983764
6983768
6983770
6983775
6983782
6983784
6984001
6984005
6984007
6984012
6984013
6984017
6984023
6984029
6984037
6984254
6984260
6984266
6984271
6984276
6984278
6984282
6984284
6984290
6984291
6984296
6984298
6984508
6984515
6984519
6984521
6984525
6984526
6984531
6984537
6984545
6984551
6984553
6984763
6984769
6984774
6984779
6984785
6984790
6984792
6984799
6984804
6984805
6984808
6985022
6985029
6985032
6985034
6985039
6985040
6985045
6985052
6985054
6985059
6985061
6985062
6985271
6985282
6985283
6985287
6985293
6985299
6985307
6985313
6985316
6985536
6985542
6985546
6985548
6985553
6985554
6985560
6985562
6985566
6985568
6985570
6985578
6985785
6985790
6985795
6985796
6985801
6985815
6985821
6985823
6985825
6985831
6985832
6986044
6986049
6986056
6986060
6986062
6986069
6986074
6986076
6986078
6986086
6986310
6986315
6986323
6986324
6986329
6986331
6986340
6986346
6986570
6986577
6986583
6986593
6986595
6986823
6986830
6986832
6986838
6986840
6986854
6987077
6987085
6987091
6987095
6987107
6987340
6987344
6987346
6987585
6987594
6987603
7043656
7044169
7044174
7044428
7044675
7044683
7044701
7044926
7044942
7044950
7045189
7045191
7045197
7045203
7045204
7045458
7045464
7045466
7045468
7045703
7045705
7045712
7045718
7045721
7045952
7045953
7045958
7045965
7045967
7045974
7045975
7046212
7046220
7046226
7046229
7046236
7046238
7046475
7046479
7046483
7046491
7046497
7046728
7046734
7046736
7046738
7046744
7046745
7046750
7046752
7046987
7046989
7046991
7046999
7047005
7047244
7047253
7047258
7047259
7047264
7047266
7047506
7047508
7047513
7047743
7047745
7047750
7047761
7047767
7047772
7047773
7047777
7048007
7048014
7048016
7048020
7048022
7048027
7048032
7048261
7048269
7048275
7048281
7048285
7048286
7048291
7048293
7048297
7048512
7048514
7048516
7048523
7048528
7048530
7048534
7048536
7048540
7048546
7048767
7048769
7048777
7048778
7048783
7048789
7048794
7048799
7048800
7049021
7049042
7049044
7049047
7049049
7049054
7049060
7049274
7049278
7049284
7049286
7049291
7049292
7049297
7049302
7049308
7049313
7049314
7049539
7049545
7049551
7049555
7049557
7049561
7049563
7049568
7049575
7049577
7049794
7049798
7049800
7049805
7049806
7049810
7049816
7049822
7049830
7050047
7050048
7050053
7050059
7050064
7050069
7050071
7050075
7050077
7050083
7050084
7050089
7050301
7050308
7050312
7050314
7050318
7050319
7050324
7050330
7050338
7050344
7050556
7050561
7050562
7050572
7050578
7050583
7050585
7050592
7050597
7050598
7050822
7050825
7050827
7050832
7050833
7050838
7050845
7050847
7050852
7050854
7050855
7051069
7051076
7051080
7051086
7051092
7051100
7051106
7051109
7051329
7051335
7051339
7051341
7051346
7051347
7051353
7051355
7051359
7051361
7051363
7051371
7051578
7051583
7051584
7051588
7051589
7051594
7051600
7051608
7051614
7051616
7051618
7051624
7051625
7051837
7051849
7051853
7051855
7051862
7051867
7051869
7051871
7051879
7052103
7052108
7052116
7052117
7052122
7052124
7052133
7052138
7052356
7052363
7052370
7052376
7052386
7052388
7052611
7052617
7052623
7052630
7052631
7052633
7052641
7052647
7052878
7052884
7052896
7052900
7053133
7053137
7053139
7053161
7053386
7053387
7053396
7053633
7110468
7110713
7110729
7110735
7110743
7110984
7110990
7110996
7110997
7111006
7111237
7111251
7111257
7111259
7111261
7111496
7111498
7111505
7111511
7111514
7111521
7111746
7111751
7111758
7111765
7111767
7111768
7112013
7112019
7112022
7112029
7112272
7112274
7112276
7112284
7112290
7112527
7112529
7112531
7112537
7112538
7112543
7112545
7112784
7112792
7112798
7113039
7113046
7113051
7113052
7113057
7113059
7113289
7113299
7113301
7113306
7113312
7113538
7113543
7113544
7113546
7113554
7113560
7113565
7113566
7113572
7113797
7113801
7113807
7113809
7113813
7113815
7113820
7113825
7114054
7114062
7114068
7114074
7114078
7114079
7114084
7114086
7114307
7114309
7114321
7114323
7114327
7114329
7114333
7114339
7114553
7114560
7114562
7114570
7114571
7114576
7114582
7114587
7114592
7114593
7114598
7114600
7114817
7114830
7114835
7114837
7114840
7114842
7114847
7114853
7115070
7115077
7115079
7115084
7115085
7115090
7115095
7115101
7115106
7115107
7115324
7115332
7115338
7115344
7115348
7115350
7115354
7115356
7115361
7115368
7115579
7115587
7115591
7115593
7115598
7115599
7115603
7115609
7115615
7115623
7115830
7115840
7115841
7115846
7115852
7115857
7115862
7115864
7115868
7115870
7115876
7115877
7115882
7115884
7116094
7116101
7116105
7116107
7116111
7116112
7116117
7116123
7116131
7116137
7116354
7116360
7116365
7116371
7116376
7116378
7116385
7116390
7116391
7116394
7116615
7116618
7116620
7116625
7116626
7116631
7116638
7116640
7116645
7116647
7116648
7116863
7116868
7116869
7116873
7116879
7116885
7116893
7116899
7116902
7117122
7117128
7117132
7117134
7117139
7117140
7117146
7117148
7117152
7117154
7117156
7117164
7117381
7117382
7117387
7117393
7117401
7117407
7117409
7117411
7117417
7117418
7117642
7117646
7117648
7117655
7117660
7117662
7117664
7117672
7117895
7117896
7117901
7117909
7117910
7117915
7117919
7117926
7117931
7117932
7118156
7118163
7118169
7118172
7118179
7118181
7118410
7118416
7118418
7118424
7118426
7118434
7118671
7118680
7118681
7118689
7118934
7119185
7119189
7175242
7175760
7176261
7176522
7176528
7176775
7176781
7176789
7176795
7177024
7177044
7177054
7177284
7177291
7177298
7177304
7177314
7177539
7177551
7177558
7177560
7177561
7177806
7177812
7177815
7177822
7177824
7178061
7178065
7178067
7178069
7178077
7178322
7178324
7178330
7178331
7178338
7178575
7178577
7178585
7178591
7178828
7178830
7178832
7178839
7178844
7178845
7178852
7179082
7179085
7179092
7179094
7179099
7179329
7179331
7179339
7179347
7179353
7179358
7179359
7179363
7179365
7179593
7179594
7179600
7179602
7179606
7179608
7179613
7179618
7179845
7179847
7179855
7179861
7179867
7179871
7179872
7179877
7180098
7180102
7180109
7180114
7180116
7180120
7180122
7180126
7180132
7180355
7180363
7180364
7180375
7180380
7180385
7180386
7180391
7180617
7180623
7180628
7180630
7180633
7180635
7180640
7180646
7180864
7180870
7180872
7180877
7180878
7180883
7180888
7180894
7180899
7180900
7181125
7181131
7181137
7181141
7181143
7181147
7181149
7181154
7181161
7181163
7181372
7181380
7181384
7181386
7181391
7181392
7181396
7181402
7181408
7181416
7181633
7181639
7181645
7181650
7181655
7181657
7181661
7181663
7181669
7181670
7181675
7181887
7181894
7181898
7181900
7181904
7181905
7181910
7181916
7181924
7181930
7182142
7182148
7182153
7182158
7182164
7182169
7182171
7182178
7182183
7182184
7182187
7182408
7182411
7182413
7182418
7182419
7182424
7182431
7182433
7182438
7182440
7182441
7182661
7182662
7182666
7182672
7182678
7182686
7182692
7182695
7182915
7182921
7182925
7182927
7182932
7182933
7182939
7182941
7182945
7182947
7182949
7183169
7183174
7183175
7183180
7183186
7183194
7183200
7183202
7183204
7183210
7183211
7183423
7183428
7183435
7183439
7183441
7183448
7183453
7183455
7183457
7183465
7183688
7183689
7183694
7183702
7183703
7183708
7183710
7183712
7183719
7183724
7183936
7183949
7183962
7183965
7183972
7183974
7184197
7184203
7184209
7184211
7184216
7184217
7184233
7184450
7184456
7184464
7184470
7184474
7184723
7184725
7184959
7184973
7185219
7185480
7240526
7241293
7241548
7242054
7242062
7242315
7242576
7242592
7242823
7242837
7242843
7242845
7242847
7243077
7243084
7243091
7243097
7243100
7243332
7243351
7243353
7243354
7243579
7243599
7243605
7243608
7243615
7243854
7243858
7243860
7243870
7244113
7244115
7244117
7244123
7244124
7244129
7244131
7244368
7244370
7244378
7244384
7244623
7244625
7244632
7244637
7244638
7244643
7244869
7244885
7244887
7244892
7245129
7245130
7245132
7245140
7245146
7245151
7245152
7245383
7245387
7245393
7245395
7245399
7245401
7245406
7245411
7245636
7245640
7245648
7245654
7245660
7245664
7245665
7245670
7245672
7245676
7245891
7245893
7245895
7245902
7245907
7245909
7245913
7245915
7245919
7245925
7246146
7246148
7246156
7246157
7246168
7246173
7246178
7246179
7246184
7246186
7246403
7246410
7246416
7246421
7246423
7246426
7246428
7246433
7246439
7246663
7246665
7246670
7246671
7246676
7246681
7246687
7246692
7246693
7246908
7246918
7246924
7246930
7246934
7246936
7246940
7246942
7246947
7246954
7246956
7247161
7247173
7247177
7247179
7247184
7247185
7247189
7247195
7247201
7247209
7247426
7247427
7247432
7247438
7247443
7247448
7247450
7247454
7247456
7247462
7247463
7247468
7247680
7247687
7247691
7247693
7247697
7247698
7247703
7247709
7247717
7247723
7247725
7247940
7247941
7247946
7247951
7247957
7247962
7247964
7247971
7247976
7247977
7247980
7248194
7248201
7248204
7248206
7248211
7248212
7248217
7248224
7248226
7248231
7248233
7248234
7248443
7248449
7248455
7248459
7248465
7248471
7248479
7248485
7248488
7248714
7248718
7248720
7248725
7248726
7248732
7248734
7248738
7248740
7248742
7248962
7248967
7248968
7248973
7248979
7248987
7248993
7248997
7249003
7249004
7249216
7249228
7249232
7249234
7249241
7249248
7249250
7249258
7249482
7249487
7249495
7249496
7249501
7249503
7249512
7249735
7249749
7249755
7249758
7249767
7249990
7249996
7250002
7250004
7250010
7250012
7250020
7250249
7250263
7250267
7250279
7250512
7250518
7250520
7250765
7307075
7307086
7308369
7308375
7308381
7308385
7308630
7308636
7308638
7308877
7308884
7308890
7308893
7309125
7309130
7309144
7309146
7309392
7309398
7309401
7309410
7309651
7309653
7309655
7309663
7309910
7309916
7309917
7309922
7310161
7310163
7310171
7310177
7310416
7310418
7310425
7310430
7310431
7310671
7310678
7310680
7310685
7310691
7310917
7310922
7310925
7310933
7310939
7310944
7310945
7310951
7311176
7311186
7311192
7311194
7311199
7311204
7311429
7311433
7311441
7311447
7311453
7311457
7311458
7311463
7311684
7311686
7311688
7311695
7311700
7311702
7311706
7311708
7311712
7311718
7311939
7311949
7311950
7311955
7311961
7311966
7311971
7311972
7311977
7312196
7312214
7312216
7312219
7312221
7312226
7312232
7312450
7312456
7312458
7312463
7312464
7312469
7312474
7312480
7312485
7312486
7312701
7312711
7312717
7312723
7312727
7312729
7312733
7312735
7312740
7312747
7312749
7312966
7312970
7312972
7312977
7312978
7312982
7312988
7312994
7313002
7313219
7313220
7313225
7313231
7313236
7313241
7313243
7313247
7313249
7313255
7313256
7313261
7313473
7313480
7313484
7313486
7313490
7313491
7313496
7313502
7313510
7313516
7313518
7313733
7313734
7313739
7313744
7313750
7313755
7313757
7313764
7313769
7313770
7313773
7313987
7313994
7313997
7313999
7314004
7314005
7314010
7314017
7314019
7314024
7314026
7314027
7314241
7314242
7314248
7314252
7314258
7314264
7314272
7314278
7314281
7314501
7314507
7314511
7314513
7314518
7314519
7314525
7314527
7314531
7314533
7314535
7314760
7314761
7314766
7314772
7314780
7314786
7314790
7314796
7314797
7315014
7315021
7315025
7315027
7315034
7315041
7315043
7315051
7315264
7315275
7315280
7315288
7315289
7315294
7315296
7315305
7315310
7315535
7315542
7315548
7315551
7315558
7315560
7315795
7315797
7315802
7315803
7315805
7315819
7316042
7316050
7316074
7316305
7316558
7316568
7372621
7373132
7373640
7373907
7374156
7374162
7374168
7374174
7374423
7374429
7374431
7374668
7374683
7374686
7374918
7374930
7374939
7375177
7375185
7375191
7375194
7375201
7375444
7375446
7375456
7375462
7375701
7375703
7375709
7375710
7375715
7375717
7375956
7375964
7375970
7376207
7376209
7376211
7376218
7376223
7376224
7376229
7376231
7376464
7376471
7376473
7376478
7376710
7376716
7376718
7376726
7376732
7376737
7376738
7376963
7376969
7376972
7376979
7376981
7376985
7376987
7376992
7376997
7377234
7377240
7377246
7377250
7377251
7377256
7377258
7377262
7377479
7377481
7377488
7377493
7377495
7377499
7377501
7377505
7377511
7377734
7377742
7377743
7377754
7377759
7377764
7377765
7377770
7377772
7377989
7377996
7378002
7378007
7378012
7378014
7378019
7378025
7378243
7378249
7378251
7378256
7378257
7378262
7378267
7378273
7378278
7378279
7378494
7378496
7378504
7378510
7378516
7378520
7378522
7378526
7378528
7378533
7378759
7378763
7378765
7378770
7378771
7378775
7378781
7378787
7378795
7379012
7379013
7379018
7379024
7379029
7379034
7379036
7379040
7379042
7379048
7379049
7379054
7379056
7379266
7379273
7379277
7379279
7379283
7379284
7379289
7379295
7379303
7379309
7379311
7379521
7379526
7379527
7379532
7379537
7379543
7379548
7379550
7379557
7379562
7379563
7379566
7379787
7379790
7379792
7379797
7379798
7379803
7379810
7379812
7379817
7379819
7379820
7380040
7380041
7380045
7380051
7380057
7380065
7380071
7380074
7380294
7380300
7380304
7380306
7380311
7380312
7380318
7380320
7380324
7380326
7380328
7380553
7380554
7380559
7380565
7380573
7380579
7380581
7380583
7380589
7380590
7380818
7380820
7380827
7380834
7381067
7381068
7381081
7381082
7381087
7381098
7381321
7381335
7381341
7381582
7381588
7381590
7381596
7381612
7381835
7381843
7381849
7382098
7382351
7382352
7382357
7438932
7439186
7439191
7439947
7439953
7439955
7439961
7440196
7440208
7440216
7440224
7440456
7440476
7440479
7440730
7440732
7440733
7440984
7440987
7440996
7441237
7441239
7441241
7441249
7441492
7441494
7441496
7441502
7441503
7441740
7441757
7441763
7442011
7442016
7442017
7442022
7442257
7442264
7442266
7442271
7442277
7442503
7442509
7442511
7442519
7442525
7442530
7442531
7442535
7442537
7442756
7442762
7442765
7442766
7442772
7442774
7442778
7442780
7442785
7442790
7443015
7443017
7443019
7443033
7443039
7443043
7443044
7443049
7443055
7443270
7443272
7443274
7443281
7443286
7443288
7443292
7443294
7443298
7443304
7443527
7443535
7443536
7443541
7443547
7443552
7443557
7443558
7443563
7443789
7443795
7443800
7443802
7443805
7443807
7443812
7443818
7444042
7444044
7444049
7444050
7444055
7444060
7444066
7444071
7444072
7444286
7444297
7444303
7444309
7444313
7444315
7444319
7444321
7444326
7444333
7444552
7444556
7444558
7444563
7444564
7444568
7444574
7444580
7444588
7444806
7444811
7444817
7444822
7444827
7444829
7444833
7444835
7444841
7444842
7444847
7445059
7445066
7445070
7445072
7445076
7445077
7445082
7445088
7445096
7445102
7445104
7445314
7445319
7445320
7445325
7445330
7445336
7445341
7445343
7445350
7445355
7445356
7445359
7445580
7445583
7445585
7445590
7445591
7445596
7445603
7445605
7445610
7445612
7445613
7445822
7445827
7445828
7445833
7445834
7445838
7445844
7445850
7445858
7445864
7445867
7446093
7446097
7446099
7446104
7446105
7446111
7446113
7446117
7446119
7446121
7446346
7446347
7446352
7446366
7446372
7446374
7446376
7446382
7446383
7446595
7446600
7446607
7446611
7446613
7446620
7446625
7446627
7446637
7446850
7446861
7446874
7446875
7446880
7446891
7446896
7447108
7447121
7447128
7447134
7447137
7447146
7447368
7447388
7447389
7447628
7447636
7447660
7447891
7447895
7504465
7504718
7504984
7505234
7505742
7505746
7505748
7505760
7505995
7506009
7506019
7506263
7506269
7506272
7506518
7506523
7506525
7506526
7506751
7506771
7506777
7506780
7507030
7507032
7507034
7507042
7507287
7507289
7507296
7507550
7507556
7507795
7507804
7507809
7507810
7508041
7508057
7508059
7508064
7508302
7508304
7508312
7508318
7508323
7508324
7508328
7508330
7508555
7508558
7508559
7508565
7508567
7508571
7508573
7508578
7508583
7508808
7508826
7508832
7508836
7508837
7508842
7509063
7509067
7509074
7509079
7509081
7509085
7509087
7509091
7509097
7509318
7509320
7509328
7509329
7509334
7509340
7509345
7509350
7509351
7509356
7509572
7509582
7509588
7509593
7509595
7509598
7509600
7509605
7509611
7509825
7509829
7509835
7509837
7509842
7509843
7509848
7509853
7509859
7509864
7509865
7510082
7510090
7510096
7510102
7510106
7510108
7510112
7510114
7510119
7510126
7510333
7510345
7510349
7510351
7510356
7510357
7510361
7510367
7510373
7510381
7510598
7510604
7510610
7510615
7510620
7510622
7510626
7510628
7510634
7510635
7510640
7510852
7510859
7510863
7510865
7510869
7510870
7510875
7510881
7510889
7510895
7510897
7511112
7511113
7511118
7511123
7511129
7511134
7511136
7511143
7511148
7511149
7511152
7511376
7511378
7511383
7511384
7511389
7511396
7511398
7511403
7511405
7511620
7511621
7511631
7511637
7511643
7511651
7511657
7511660
7511880
7511886
7511892
7511897
7511898
7511904
7511906
7511910
7511912
7511914
7512139
7512140
7512145
7512151
7512159
7512165
7512169
7512175
7512400
7512404
7512406
7512413
7512430
7512654
7512659
7512667
7512668
7512673
7512684
7512689
7512907
7512921
7512927
7512937
7513162
7513182
7513429
7513453
7513688
7569491
7570247
7570513
7570518
7570777
7571286
7571541
7571547
7571553
7571802
7571810
7572049
7572056
7572065
7572316
7572318
7572319
7572564
7572570
7572573
7572823
7572827
7572835
7573078
7573080
7573082
7573088
7573089
7573094
7573343
7573349
7573586
7573588
7573590
7573597
7573602
7573608
7573840
7573843
7573850
7573852
7573857
7573863
7574094
7574097
7574105
7574111
7574116
7574117
7574121
7574342
7574348
7574351
7574358
7574360
7574364
7574366
7574371
7574376
7574601
7574613
7574619
7574625
7574629
7574630
7574635
7574637
7574856
7574858
7574867
7574872
7574874
7574878
7574880
7574884
7574890
7575104
7575113
7575121
7575122
7575127
7575133
7575138
7575143
7575144
7575149
7575151
7575365
7575368
7575375
7575381
7575386
7575388
7575391
7575393
7575398
7575404
7575628
7575630
7575635
7575636
7575641
7575646
7575652
7575657
7575658
7575873
7575883
7575889
7575895
7575899
7575901
7575905
7575907
7575912
7576138
7576142
7576144
7576149
7576150
7576154
7576160
7576166
7576174
7576392
7576397
7576403
7576408
7576413
7576415
7576419
7576421
7576427
7576428
7576645
7576652
7576656
7576658
7576662
7576663
7576668
7576674
7576682
7576688
7576690
7576900
7576905
7576906
7576911
7576916
7576922
7576927
7576929
7576936
7576941
7576942
7576945
7577166
7577169
7577171
7577176
7577177
7577189
7577191
7577196
7577198
7577199
7577413
7577414
7577420
7577424
7577430
7577436
7577444
7577450
7577453
7577673
7577679
7577683
7577685
7577690
7577691
7577697
7577699
7577703
7577705
7577707
7577932
7577933
7577938
7577944
7577952
7577958
7577960
7578186
7578193
7578197
7578199
7578206
7578213
7578223
7578436
7578447
7578452
7578460
7578461
7578707
7578714
7578720
7578732
7578974
7578975
7579730
7579736
7636051
7636565
7636570
7636820
7637087
7637334
7637346
7637595
7637603
7637849
7637855
7637858
7638102
7638109
7638111
7638112
7638357
7638363
7638366
7638612
7638616
7638618
7638620
7638628
7638873
7638875
7638881
7638882
7638887
7639136
7639142
7639383
7639390
7639395
7639396
7639627
7639633
7639636
7639643
7639645
7639650
7639882
7639887
7639898
7639904
7639909
7639910
7640135
7640141
7640144
7640151
7640157
7640159
7640164
7640394
7640396
7640398
7640406
7640412
7640418
7640422
7640423
7640430
7640649
7640651
7640653
7640660
7640665
7640667
7640671
7640673
7640677
7640683
7640904
7640906
7640914
7640915
7640920
7640926
7640931
7640936
7640937
7640942
7641161
7641168
7641174
7641179
7641181
7641184
7641186
7641191
7641197
7641411
7641421
7641423
7641428
7641429
7641434
7641439
7641445
7641450
7641451
7641668
7641676
7641682
7641688
7641692
7641694
7641698
7641700
7641705
7641931
7641935
7641937
7641942
7641943
7641947
7641953
7641959
7641967
7642185
7642190
7642196
7642201
7642206
7642208
7642212
7642214
7642220
7642221
7642226
7642438
7642445
7642449
7642451
7642455
7642456
7642461
7642467
7642475
7642481
7642483
7642485
7642693
7642699
7642704
7642709
7642715
7642720
7642722
7642729
7642734
7642735
7642738
7642959
7642962
7642964
7642969
7642970
7642975
7642982
7642984
7642989
7642991
7642992
7643207
7643212
7643213
7643217
7643223
7643229
7643237
7643243
7643246
7643472
7643476
7643478
7643483
7643484
7643492
7643496
7643498
7643500
7643725
7643726
7643737
7643745
7643751
7643990
7643992
7643999
7644006
7644253
7644254
7644275
7644500
7644507
7644513
7644523
7644747
7644754
7644762
7645001
7645025
7701590
7702099
7703125
7703127
7703133
7703388
7703394
7703396
7703398
7703648
7703651
7703895
7703904
7703905
7704150
7704156
7704159
7704411
7704413
7704666
7704668
7704674
7704675
7704680
7704919
7704921
7704929
7704935
7705174
7705183
7705188
7705189
7705194
7705429
7705436
7705443
7705675
7705680
7705681
7705683
7705697
7705702
7705703
7705934
7705937
7705938
7705944
7705946
7705950
7705952
7705957
7706187
7706191
7706199
7706205
7706211
7706215
7706216
7706221
7706227
7706442
7706444
7706446
7706453
7706458
7706460
7706464
7706466
7706470
7706476
7706697
7706707
7706708
7706719
7706724
7706729
7706730
7706735
7706951
7706954
7706961
7706967
7706972
7706974
7706977
7706979
7706984
7706990
7707208
7707214
7707216
7707221
7707222
7707227
7707232
7707238
7707243
7707244
7707459
7707469
7707475
7707481
7707485
7707487
7707491
7707493
7707498
7707724
7707728
7707730
7707735
7707736
7707740
7707746
7707752
7707760
7707978
7707983
7707989
7707994
7707999
7708001
7708005
7708007
7708013
7708014
7708238
7708242
7708244
7708248
7708249
7708254
7708268
7708274
7708276
7708278
7708491
7708492
7708497
7708502
7708508
7708513
7708522
7708527
7708528
7708531
7708752
7708755
7708757
7708762
7708763
7708768
7708775
7708777
7708782
7708784
7708785
7709005
7709006
7709016
7709022
7709030
7709036
7709039
7709265
7709269
7709271
7709276
7709277
7709285
7709291
7709293
7709518
7709530
7709544
7709783
7709785
7709792
7709799
7710033
7710038
7710046
7710047
7710300
7710318
7710560
7710561
7711316
7766870
7767626
7767637
7767892
7768643
7768665
7768673
7768918
7769173
7769435
7769441
7769444
7769688
7769690
7769697
7769949
7769952
7769959
7770204
7770206
7770214
7770459
7770461
7770467
7770468
7770712
7770714
7770722
7770728
7770967
7770969
7770976
7770981
7770982
7771213
7771219
7771222
7771229
7771231
7771236
7771242
7771468
7771473
7771476
7771484
7771490
7771495
7771496
7771727
7771730
7771731
7771737
7771739
7771743
7771745
7771750
7771755
7771980
7771984
7771992
7771998
7772004
7772008
7772009
7772014
7772020
7772237
7772239
7772246
7772251
7772253
7772257
7772259
7772263
7772490
7772492
7772500
7772501
7772506
7772512
7772517
7772522
7772523
7772528
7772747
7772754
7772760
7772765
7772767
7772770
7772772
7772777
7773001
7773007
7773009
7773014
7773015
7773020
7773025
7773031
7773036
7773037
7773262
7773268
7773274
7773278
7773280
7773284
7773286
7773291
7773517
7773521
7773523
7773528
7773529
7773539
7773545
7773553
7773771
7773776
7773782
7773787
7773792
7773794
7773798
7773800
7773806
7773807
7774031
7774035
7774037
7774041
7774042
7774047
7774053
7774061
7774069
7774071
7774285
7774290
7774295
7774306
7774315
7774320
7774321
7774548
7774550
7774555
7774556
7774561
7774568
7774570
7774575
7774577
7774578
7774798
7774799
7774803
7774809
7774815
7774823
7774829
7774832
7775058
7775062
7775064
7775069
7775070
7775078
7775084
7775311
7775312
7775317
7775323
7775339
7775347
7775578
7775585
7775826
7775831
7775839
7775840
7776093
7776353
7776601
7776878
7832408
7832663
7833680
7833685
7834199
7834458
7834725
7834966
7834974
7834980
7834984
7835228
7835481
7835483
7835490
7835742
7835745
7835991
7835995
7835997
7835999
7836250
7836254
7836260
7836261
7836266
7836507
7836515
7836521
7836758
7836760
7836762
7836769
7836774
7836775
7836780
7837012
7837024
7837029
7837035
7837261
7837266
7837267
7837277
7837283
7837288
7837289
7837520
7837523
7837524
7837530
7837532
7837536
7837538
7837543
7837548
7837773
7837775
7837777
7837785
7837791
7837797
7837801
7837802
7837807
7838028
7838030
7838032
7838039
7838044
7838046
7838050
7838052
7838056
7838062
7838285
7838293
7838294
7838305
7838310
7838315
7838316
7838321
7838536
7838537
7838547
7838553
7838558
7838560
7838563
7838565
7838570
7838576
7838794
7838800
7838802
7838807
7838808
7838813
7838818
7838824
7838829
7838830
7839045
7839055
7839061
7839067
7839071
7839073
7839077
7839079
7839084
7839310
7839314
7839316
7839321
7839322
7839338
7839346
7839564
7839569
7839575
7839585
7839587
7839591
7839593
7839599
7839600
7839824
7839830
7839834
7839835
7839840
7839846
7839854
7840078
7840083
7840088
7840094
7840108
7840114
7840117
7840341
7840343
7840348
7840349
7840361
7840363
7840368
7840371
7840592
7840596
7840608
7840622
7840625
7840855
7840857
7840862
7840863
7840871
7840879
7841110
7841116
7841130
7841365
7841371
7841619
7841632
7841886
7899223
7899737
7899997
7900512
7900759
7900767
7900777
7901027
7901030
7901274
7901283
7901284
7901529
7901535
7901538
7901545
7901788
7901790
7901792
7902043
7902045
7902047
7902053
7902298
7902300
7902308
7902314
7902553
7902555
7902562
7902567
7902568
7902799
7902805
7902808
7902817
7902822
7902828
7903052
7903054
7903059
7903060
7903062
7903070
7903076
7903081
7903082
7903313
7903317
7903323
7903325
7903329
7903331
7903336
7903341
7903568
7903570
7903578
7903584
7903590
7903594
7903595
7903600
7903823
7903825
7903832
7903837
7903843
7903845
7903849
7903855
7904076
7904078
7904086
7904087
7904092
7904098
7904103
7904108
7904109
7904340
7904346
7904351
7904353
7904356
7904358
7904363
7904369
7904587
7904593
7904595
7904600
7904601
7904606
7904611
7904617
7904623
7904848
7904854
7904860
7904864
7904866
7904870
7904872
7904877
7905103
7905107
7905109
7905114
7905115
7905119
7905131
7905139
7905356
7905357
7905362
7905368
7905373
7905380
7905384
7905386
7905392
7905621
7905623
7905627
7905628
7905633
7905639
7905647
7905870
7905871
7905876
7905881
7905887
7905901
7905906
7906134
7906141
7906142
7906154
7906156
7906161
7906389
7906395
7906418
7906638
7906650
7906655
7906656
7906670
7906672
7906909
7907162
7907164
7907412
7907417
7907425
7907665
7908446
7965022
7965785
7966044
7966814
7966819
7967067
7967069
7967074
7967322
7967328
7967331
7967338
7967581
7967583
7967838
7967840
7967846
7968084
7968093
7968101
7968107
7968344
7968346
7968348
7968355
7968360
7968598
7968601
7968608
7968610
7968615
7968621
7968847
7968852
7968853
7968855
7968863
7968869
7968874
7968875
7969106
7969109
7969110
7969116
7969118
7969122
7969124
7969129
7969134
7969359
7969361
7969363
7969371
7969377
7969383
7969387
7969388
7969393
7969614
7969616
7969618
7969625
7969630
7969632
7969636
7969638
7969642
7969648
7969869
7969871
7969879
7969880
7969885
7969891
7969896
7969901
7969902
7970122
7970123
7970126
7970133
7970139
7970144
7970146
7970149
7970151
7970156
7970162
7970386
7970388
7970393
7970394
7970399
7970404
7970410
7970415
7970416
7970641
7970647
7970653
7970657
7970659
7970663
7970665
7970670
7970896
7970900
7970902
7970907
7970908
7970912
7970924
7970932
7971150
7971155
7971161
7971166
7971173
7971177
7971179
7971185
7971186
7971414
7971416
7971420
7971421
7971440
7971664
7971669
7971674
7971680
7971694
7971929
7971934
7971935
7971947
7971954
7972177
7972188
7972211
7972437
7972443
7972448
7972449
7972465
7972696
7972702
7972955
7972957
7973472
7973712
8029787
8030555
8030798
8031064
8031837
8032092
8032353
8032359
8032607
8032612
8032616
8032860
8032869
8033121
8033124
8033376
8033378
8033631
8033633
8033639
8033877
8033886
8033894
8034139
8034141
8034148
8034153
8034385
8034391
8034394
8034403
8034408
8034414
8034638
8034640
8034646
8034648
8034656
8034662
8034667
8034899
8034902
8034903
8034909
8034911
8034915
8034917
8034922
8034927
8035152
8035154
8035156
8035164
8035170
8035176
8035180
8035181
8035407
8035409
8035411
8035418
8035423
8035429
8035431
8035435
8035662
8035664
8035672
8035673
8035678
8035684
8035689
8035694
8035695
8035926
8035932
8035937
8035939
8035942
8035944
8035955
8036179
8036181
8036186
8036187
8036192
8036197
8036203
8036208
8036209
8036434
8036440
8036446
8036456
8036458
8036463
8036693
8036695
8036700
8036701
8036705
8036717
8036942
8036943
8036948
8036954
8036959
8036970
8036972
8036978
8037196
8037203
8037207
8037209
8037213
8037214
8037233
8037462
8037467
8037473
8037487
8037717
8037720
8037722
8037728
8037740
8037742
8037747
8037981
8038236
8038241
8038483
8038495
8040050
8040287
8096855
8097116
8097630
8097883
8097885
8098400
8098409
8098653
8098914
8098917
8098924
8099169
8099171
8099422
8099424
8099426
8099432
8099679
8099687
8099930
8099932
8099934
8099941
8099946
8099947
8100178
8100184
8100187
8100194
8100196
8100201
8100207
8100431
8100438
8100439
8100441
8100449
8100455
8100460
8100461
8100692
8100695
8100696
8100702
8100704
8100708
8100710
8100715
8100720
8100945
8100947
8100949
8100957
8100963
8100969
8100973
8101200
8101204
8101211
8101216
8101218
8101222
8101224
8101228
8101234
8101465
8101466
8101471
8101477
8101482
8101487
8101488
8101719
8101725
8101730
8101737
8101748
8101972
8101974
8101979
8101980
8101985
8101990
8102001
8102002
8102227
8102239
8102245
8102249
8102251
8102256
8102482
8102486
8102488
8102493
8102494
8102504
8102510
8102518
8102736
8102741
8102747
8102752
8102757
8102763
8102765
8103000
8103002
8103006
8103026
8103250
8103255
8103260
8103273
8103280
8103510
8103521
8103540
8103764
8103768
8103774
8104029
8104282
8104288
8104302
8162141
8162645
8162648
8162909
8163169
8163401
8163417
8163678
8164193
8164198
8164199
8164446
8164701
8164707
8164710
8164962
8164964
8165217
8165225
8165472
8165480
8165723
8165725
8165727
8165734
8165739
8165740
8165745
8165971
8165980
8165987
8165989
8165994
8166000
8166224
8166226
8166231
8166232
8166234
8166242
8166248
8166253
8166254
8166485
8166488
8166489
8166495
8166497
8166501
8166503
8166508
8166513
8166742
8166750
8166756
8166762
8166766
8166767
8166995
8166997
8167004
8167009
8167011
8167015
8167017
8167021
8167027
8167250
8167258
8167259
8167264
8167275
8167280
8167281
8167505
8167512
8167518
8167530
8167767
8167772
8167773
8167778
8167783
8167789
8167795
8168026
8168032
8168038
8168042
8168044
8168049
8168279
8168281
8168286
8168303
8168529
8168534
8168789
8168793
8168799
8168819
8169053
8169303
8169308
8169313
8169333
8169567
8169816
8170081
8171091
8229216
8229469
8229740
8229991
8229992
8230239
8230494
8230500
8230503
8230753
8231008
8231010
8231018
8231263
8231265
8231273
8231279
8231516
8231518
8231520
8231527
8231532
8231533
8231764
8231770
8231773
8231780
8231782
8231787
8232019
8232024
8232025
8232027
8232035
8232041
8232046
8232047
8232278
8232281
8232282
8232288
8232290
8232294
8232296
8232301
8232533
8232535
8232543
8232549
8232555
8232559
8232560
8232788
8232790
8232797
8232802
8232804
8232808
8232810
8232814
8233043
8233051
8233052
8233057
8233063
8233068
8233298
8233305
8233311
8233323
8233328
8233558
8233565
8233566
8233571
8233819
8233825
8233831
8233835
8233837
8233842
8234068
8234072
8234074
8234080
8234096
8234345
8234349
8234586
8234588
8234592
8234846
8235096
8235101
8235354
8293733
8293981
8295009
8295264
8295517
8295784
8296039
8296293
8296296
8296546
8296550
8296801
8296803
8296811
8296812
8297054
8297056
8297058
8297066
8297309
8297311
8297313
8297320
8297326
8297557
8297563
8297566
8297573
8297575
8297580
8297810
8297817
8297818
8297820
8297828
8297834
8297839
8298071
8298074
8298075
8298081
8298083
8298087
8298089
8298094
8298324
8298336
8298342
8298348
8298352
8298353
8298579
8298581
8298583
8298590
8298595
8298597
8298601
8298603
8298607
8298836
8298844
8298845
8298856
8298861
8298866
8299087
8299098
8299104
8299114
8299116
8299345
8299351
8299353
8299358
8299359
8299369
8299380
8299381
8299624
8299630
8299865
8299867
8300115
8300142
8300379
8300385
8301143
8301147
8361057
8361572
8361577
8361578
8362086
8362089
8362335
8362339
8362343
8362594
8362596
8362598
8362605
8362842
8362847
8362849
8362851
8362859
8363102
8363104
8363106
8363113
8363118
8363119
8363350
8363356
8363359
8363366
8363368
8363373
8363603
8363610
8363611
8363613
8363621
8363627
8363632
8363633
8363864
8363867
8363868
8363874
8363876
8363880
8363882
8364117
8364119
8364129
8364135
8364141
8364145
8364376
8364383
8364388
8364390
8364394
8364396
8364400
8364637
8364638
8364643
8364654
8364884
8364891
8364897
8364907
8364909
8364914
8365151
8365152
8365658
8365660
8365931
8365943
8366172
8366432
8366687
8366712
8366940
8424545
8426862
8427103
8427365
8427371
8427627
8427879
8427882
8428132
8428134
8428387
8428389
8428391
8428635
8428642
8428644
8428652
8428658
8428895
8428897
8428899
8428906
8428911
8429143
8429149
8429152
8429159
8429161
8429172
8429396
8429404
8429406
8429414
8429420
8429425
8429426
8429657
8429660
8429661
8429669
8429673
8429675
8429680
8429910
8429912
8429928
8429934
8430165
8430167
8430176
8430181
8430183
8430430
8430431
8430436
8430442
8430447
8430452
8430453
8430673
8430684
8430697
8430700
8430702
8430945
8430966
8431447
8431451
8431701
8491613
8492141
8492396
8492643
8492890
8492896
8493158
8493164
8493418
8493420
8493666
8493682
8493925
8493927
8493929
8493937
8494180
8494182
8494184
8494433
8494435
8494437
8494451
8494688
8494690
8494692
8494699
8494705
8494710
8494936
8494942
8494945
8494952
8494954
8494959
8495191
8495196
8495197
8495199
8495207
8495218
8495450
8495462
8495466
8495468
8495703
8495721
8495727
8495731
8495962
8495969
8495974
8495976
8495986
8496223
8496240
8496483
8496490
8496495
8496506
8496748
8497014
8497246
8557408
8557426
8557920
8557927
8558189
8558436
8558683
8558951
8559204
8559459
8559468
8559718
8559720
8559973
8559975
8559977
8559983
8560226
8560228
8560230
8560238
8560244
8560481
8560483
8560485
8560492
8560497
8560503
8560729
8560735
8560745
8560752
8560984
8560989
8560990
8560992
8561000
8561011
8561243
8561255
8561259
8561261
8561266
8561496
8561520
8561524
8561755
8561767
8561779
8562017
8562033
8562038
8562276
8562288
8562784
8563551
8564319
8564345
8624229
8624241
8624476
8624482
8624997
8624999
8625252
8625258
8625261
8625511
8625513
8625515
8625760
8625766
8625768
8625770
8625776
8626014
8626019
8626021
8626023
8626274
8626278
8626285
8626290
8626528
8626531
8626538
8626540
8626782
8626783
8626793
8626804
8626805
8627040
8627048
8627052
8627059
8627289
8627301
8627313
8627560
8627562
8627572
8627831
8628086
8628577
8628826
8630138
8689506
8689520
8689775
8690020
8690022
8690034
8690269
8690530
8690537
8690778
8690790
8691037
8691051
8691054
8691306
8691308
8691316
8691553
8691559
8691561
8691563
8691812
8691814
8691816
8692071
8692078
8692083
8692084
8692315
8692321
8692331
8692333
8692338
8692344
8692586
8692832
8692833
8692841
8692845
8692847
8692852
8693110
8693339
8693353
8693365
8693619
8693625
8694138
8694894
8752488
8753510
8754805
8755299
8755815
8756062
8756082
8756571
8756583
8756585
8756830
8756844
8757099
8757101
8757109
8757338
8757346
8757352
8757354
8757356
8757600
8757607
8757864
8757871
8757877
8757884
8758114
8758117
8758126
8758368
8758390
8758634
8758899
8759146
8759148
8759158
8759665
8759667
8759920
8760689
8760956
8820325
8821099
8821361
8821606
8821614
8821849
8821855
8822116
8822123
8822376
8822631
8822637
8822884
8823131
8823147
8823149
8823400
8823657
8823669
8823675
8823901
8823910
8823919
8823930
8824183
8824427
8824438
8824692
8824696
8824939
8825210
8825455
8826749
8886885
8887399
8887401
8887407
8887642
8887909
8888169
8888430
8888677
8888685
8888940
8888942
8889193
8889712
8889965
8889976
8890231
8890485
8890744
8951663
8952685
8953461
8953964
8953969
8954223
8954226
8954233
8954470
8954488
8954717
8954731
8954735
8954986
8954996
8955002
8955241
8955256
8955261
8955263
8955769
8955776
8956024
8956527
8956537
8956797
8957041
8957310
9016683
9017456
9017715
9018987
9018994
9019495
9019508
9019757
9020528
9020540
9020779
9021034
9021049
9021054
9021056
9021286
9021551
9022320
9022330
9023358
9083752
9083763
9084271
9084786
9085304
9085550
9086321
9086333
9086582
9086842
9087079
9087096
9087344
9087868
9088123
9088383
9088630
9088885
9148015
9150326
9150579
9150842
9151094
9151343
9152635
9152640
9152889
9152895
9153403
9153657
9153661
9215094
9216644
9217152
9218435
9218941
9218942
9219454
9219705
9280622
9281904
9283441
9283967
9284475
9284969
9285243
9285247
9285502
9346680
9346922
9346935
9347183
9347959
9348219
9348221
9348223
9349500
9350268
9350782
9351036
9351040
9351291
9351554
9352826
9411953
9412214
9413498
9415806
9415814
9416555
9416829
9416833
9418116
9477504
9478261
9479807
9481346
9481600
9482622
9543800
9544048
9544298
9544562
9545600
9545851
9545852
9546117
9546879
9546884
9547393
9548161
9548415
9548419
9609091
9609847
9609852
9611644
9611645
9612418
9612671
9613185
9613440
9613699
9613700
9615998
